local EnemyCommonParam = {
	[0] = { -- 
		["reserved0"] = "[0|0|0|0|0|0|0|0]",
		["soundTargetTryApproachTime"] = 30,
		["searchTargetTryApproachTime"] = 30,
		["memoryTargetTryApproachTime"] = 30,
		["reserved5"] = "[0|0|0|0|0|0|0|0|0|0|0|0|0|0|0|0|0|0|0|0|0|0|0|0|0|0|0|0|0|0|0|0|0|0|0|0|0|0|0|0]",
		["activateChrByTime_PhantomId"] = 40,
		["findUnfavorableFailedPointDist"] = 10,
		["findUnfavorableFailedPointHeight"] = 3,
		["reserved18"] = "[0|0|0|0|0|0|0|0|0|0|0|0|0|0|0|0|0|0|0|0|0|0|0|0|0|0|0|0|0|0|0|0|0|0|0|0|0|0|0|0|0|0|0|0|0|0|0|0|0|0|0|0|0|0|0|0|0|0|0|0|0|0|0|0|0|0|0|0|0|0|0|0|0|0|0|0|0|0|0|0|0|0|0|0|0|0|0|0|0|0|0|0|0|0|0|0|0|0|0|0|0|0|0|0|0|0|0|0|0|0|0|0|0|0|0|0|0|0|0|0|0|0|0|0|0|0|0|0|0|0|0|0|0|0|0|0|0|0|0|0|0|0|0|0|0|0|0|0|0|0|0|0|0|0|0|0|0|0|0|0|0|0|0|0|0|0|0|0|0|0|0|0|0|0|0|0|0|0|0|0|0|0|0|0]"
	}
}
