Row ID,Row Name,State Behavior Type
0,,0
5,,0
7,,3
12,,0
13,,0
15,,0
16,,0
17,,0
50,,0
101,,0
102,,0
201,,0
202,,0
203,,0
206,,0
207,,0
208,,0
211,,0
212,,0
221,,0
222,,0
231,,0
232,,0
236,,0
237,,0
311,,0
312,,0
321,,0
322,,0
331,,0
332,,0
336,,0
337,,0
900,,0
901,,0
1130,,0
1131,,0
2000,,0
2100,,0
2105,,0
3000,,0
3001,,0
3002,,0
3003,,0
3004,,0
3010,,0
3011,,0
3012,,0
3013,,0
3020,,0
3021,,0
3022,,0
3023,,0
3030,,0
3031,,0
3032,,0
3033,,0
3040,,0
3041,,0
3042,,0
3043,,0
3050,,0
3051,,0
3052,,0
3053,,0
3060,,0
3061,,0
3062,,0
3070,,0
3071,,0
3072,,0
3073,,0
3090,,0
3091,,0
3092,,0
3093,,0
3100,,0
3101,,0
3102,,0
3103,,0
3104,,0
3105,,0
3106,,0
3107,,0
3108,,0
3110,,0
3111,,0
3112,,0
3113,,0
3114,,0
3115,,0
3116,,0
3117,,0
3120,,0
3121,,0
3122,,0
3123,,0
3130,,0
3131,,0
3132,,0
3133,,0
3140,,0
3141,,0
3142,,0
3143,,0
3150,,0
3151,,0
3152,,0
3153,,0
3160,,0
3161,,0
3162,,0
3200,,0
3201,,0
3202,,0
3203,,0
3210,,0
3211,,0
3212,,0
3213,,0
3300,,0
3301,,0
3302,,0
3303,,0
3304,,0
3305,,0
3306,,0
3310,,0
3311,,0
3312,,0
3313,,0
3320,,0
3321,,0
3322,,0
3323,,0
3330,,0
3331,,0
3332,,0
3333,,0
3340,,0
3341,,0
3342,,0
3343,,0
3400,,0
3401,,0
3402,,0
3403,,0
3404,,0
3405,,0
3406,,0
3410,,0
3411,,0
3412,,0
3413,,0
3420,,0
3421,,0
3422,,0
3423,,0
3430,,0
3431,,0
3432,,0
3433,,0
3440,,0
3441,,0
3442,,0
3443,,0
3500,,0
3600,,0
4000,,0
5100,,0
7000,,0
9900,,0
9902,,0
9910,,0
9930,,0
9950,,0
9960,,0
9961,,0
9962,,0
9963,,0
9970,,0
9971,,0
100100,,0
100200,,0
100202,,0
100300,,0
100400,,0
100401,,0
100500,,0
100501,,0
100600,,0
100700,,0
100701,,0
100800,,0
100900,,0
100910,,0
100912,,0
100915,,0
100916,,0
100920,,0
100930,,0
101000,,0
101100,,0
101102,,0
101105,,0
101107,,0
101110,,0
101112,,0
101120,,0
102000,,0
102001,,0
102010,,0
102020,,0
102100,,0
102102,,0
103000,,0
104000,,0
149400,,0
149500,,0
170000,,0
170001,,0
170002,,0
170003,,0
171000,,0
200100,,0
200105,,0
200200,,0
200300,,0
200400,,0
200500,,0
200600,,0
235000,,0
240000,,0
240001,,0
280000,,0
280100,,0
290000,,0
290001,,0
300002,,0
801000000,,0
801001000,,0
801001010,,0
801001020,,0
801001030,,0
801001040,,0
801001050,,0
801001060,,0
801001070,,0
801010000,,0
801010010,,0
801010020,,0
801010030,,0
801010040,,0
801010050,,0
801010060,,0
801010070,,0
801020000,,0
801020010,,0
801020020,,0
801020030,,0
801020040,,0
801020050,,0
801020060,,0
801020070,,0
801030000,,0
801032000,,0
801032010,,0
801032020,,0
801032030,,0
801032040,,0
801032050,,0
801032060,,0
801032070,,0
801100000,,0
801100005,,0
801100700,,0
801100705,,0
801100710,,0
801100720,,0
801100730,,0
801100740,,0
801100750,,0
801100760,,0
801100770,,0
801101000,,0
801101005,,0
801101010,,0
801101020,,0
801101030,,0
801101040,,0
801101050,,0
801101060,,0
801101070,,0
801101200,,0
801101205,,0
801101210,,0
801101220,,0
801101230,,0
801101240,,0
801101250,,0
801101260,,0
801101270,,0
801103200,,0
801103205,,0
801103210,,0
801103220,,0
801103230,,0
801103240,,0
801103250,,0
801103260,,0
801103270,,0
801103300,,0
801103305,,0
801103310,,0
801103320,,0
801103330,,0
801103340,,0
801103350,,0
801103360,,0
801103370,,0
801105000,,0
801105005,,0
801105010,,0
801105020,,0
801105030,,0
801105040,,0
801105050,,0
801105060,,0
801105070,,0
801110000,,0
801110005,,0
801110010,,0
801110020,,0
801110030,,0
801110040,,0
801110050,,0
801110060,,0
801110070,,0
801200000,,0
801202000,,0
801202010,,0
801202020,,0
801202030,,0
801202040,,0
801202050,,0
801202060,,0
801202070,,0
801203000,,0
801203010,,0
801203020,,0
801203030,,0
801203040,,0
801203050,,0
801203060,,0
801203070,,0
801203200,,0
801203210,,0
801203220,,0
801203230,,0
801203240,,0
801203250,,0
801203260,,0
801203270,,0
801205000,,0
801205010,,0
801205020,,0
801205030,,0
801205040,,0
801205050,,0
801205060,,0
801205070,,0
801300000,,0
801301200,,0
801301210,,0
801301220,,0
801301230,,0
801301240,,0
801301250,,0
801301260,,0
801301270,,0
801303200,,0
801303210,,0
801303220,,0
801303230,,0
801303240,,0
801303250,,0
801303260,,0
801303270,,0
802000000,,0
802001200,,0
802001210,,0
802001220,,0
802001230,,0
802001240,,0
802001250,,0
802001260,,0
802001270,,0
802003200,,0
802003210,,0
802003220,,0
802003230,,0
802003240,,0
802003250,,0
802003260,,0
802003270,,0
802003800,,0
802003810,,0
802003820,,0
802003830,,0
802003840,,0
802003850,,0
802003860,,0
802003870,,0
802004000,,0
802004010,,0
802004020,,0
802004030,,0
802004040,,0
802004050,,0
802004060,,0
802004070,,0
802100000,,0
802101000,,0
802101010,,0
802101020,,0
802101030,,0
802101040,,0
802101050,,0
802101060,,0
802101070,,0
802101200,,0
802101210,,0
802101220,,0
802101230,,0
802101240,,0
802101250,,0
802101260,,0
802101270,,0
802102000,,0
802102010,,0
802102020,,0
802102030,,0
802102040,,0
802102050,,0
802102060,,0
802102070,,0
802103000,,0
802103010,,0
802103020,,0
802103030,,0
802103040,,0
802103050,,0
802103060,,0
802103070,,0
802104200,,0
802104210,,0
802104220,,0
802104230,,0
802104240,,0
802104250,,0
802104260,,0
802104270,,0
802105000,,0
802105010,,0
802105020,,0
802105030,,0
802105040,,0
802105050,,0
802105060,,0
802105070,,0
802105200,,0
802105210,,0
802105220,,0
802105230,,0
802105240,,0
802105250,,0
802105260,,0
802105270,,0
802200000,,0
802200005,,0
802210000,,0
802210005,,0
802300000,,0
802300005,,0
802400000,,0
802402000,,0
802402010,,0
802402020,,0
802402030,,0
802402040,,0
802402050,,0
802402060,,0
802402070,,0
802402200,,0
802402210,,0
802402220,,0
802402230,,0
802402240,,0
802402250,,0
802402260,,0
802402270,,0
802500000,,0
802500010,,0
802500020,,0
802500030,,0
802500040,,0
802500050,,0
802500060,,0
802500070,,0
802600000,,0
802600010,,0
802600020,,0
802600030,,0
802600040,,0
802600050,,0
802600060,,0
802600070,,0
802700000,,0
802700010,,0
802700020,,0
802700030,,0
802700040,,0
802700050,,0
802700060,,0
802700070,,0
802730000,,0
802730010,,0
802730020,,0
802730030,,0
802730040,,0
802730050,,0
802730060,,0
802730070,,0
802800000,,0
802803200,,0
802803210,,0
802803220,,0
802803230,,0
802803240,,0
802803250,,0
802803260,,0
802803270,,0
802900000,,0
802900005,,0
802900010,,0
802900020,,0
802900030,,0
802900040,,0
802900050,,0
802900060,,0
802900070,,0
803000000,,0
803000010,,0
803000020,,0
803000030,,0
803000040,,0
803000050,,0
803000060,,0
803000070,,0
803100000,,0
803200000,,0
803210000,,0
807000000,,0
807000010,,0
807000020,,0
807000030,,0
807000040,,0
807000050,,0
807000060,,0
807000070,,0
807001000,,0
807001010,,0
807001020,,0
807001030,,0
807001040,,0
807001050,,0
807001060,,0
807001070,,0
807001200,,0
807001210,,0
807001220,,0
807001230,,0
807001240,,0
807001250,,0
807001260,,0
807001270,,0
807001400,,0
807001410,,0
807001420,,0
807001430,,0
807001440,,0
807001450,,0
807001460,,0
807001470,,0
807002000,,0
807002010,,0
807002020,,0
807002030,,0
807002040,,0
807002050,,0
807002060,,0
807002070,,0
807003000,,0
807003010,,0
807003020,,0
807003030,,0
807003040,,0
807003050,,0
807003060,,0
807003070,,0
807100000,,0
