Row ID,Row Name,Unk1
0,,0
10,,0
11,,0
100,,0
400,,0
401,,0
402,,0
403,,0
404,,0
405,,0
406,,0
410,,0
411,,0
412,,0
413,,0
420,,0
421,,0
422,,0
442,,0
500,,0
501,,0
502,,0
503,,0
504,,0
505,,0
506,,0
507,,0
510,,0
511,,0
512,,0
513,,0
520,,0
521,,0
522,,0
530,,0
531,,0
540,,0
541,,0
542,,0
550,,0
560,,0
600,,0
601,,0
602,,0
900,,0
1000,,0
1010,,0
1500,Flask of Crimson Tears,0
1501,Flask of Crimson Tears +1,0
1502,Flask of Crimson Tears +2,0
1503,Flask of Crimson Tears +3,0
1504,Flask of Crimson Tears +4,0
1505,Flask of Crimson Tears +5,0
1506,Flask of Crimson Tears +6,0
1507,Flask of Crimson Tears +7,0
1508,Flask of Crimson Tears +8,0
1509,Flask of Crimson Tears +9,0
1510,Flask of Crimson Tears +10,0
1511,Flask of Crimson Tears +11,0
1512,Flask of Crimson Tears +12,0
2100,Hemorrhage - Bullet,0
2105,Poison/Blight - Bullet,0
2110,,0
2120,,0
2121,,0
2130,,0
2140,,0
2141,,0
2200,,0
2201,,0
2202,,0
2203,,0
2204,,0
2900,,0
2999,,0
3000,,0
3005,,0
3010,,0
3011,,0
3012,,0
3020,,0
4000,,0
4001,,0
4002,,0
4003,,0
4004,,0
4005,,0
4050,,0
4100,,0
5000,,0
5010,,0
5011,,0
5012,,0
100000000,,0
100000010,,0
100000020,,0
100000030,,0
100000040,,0
100000050,,0
100000100,,0
100000105,,0
100000110,,0
100000115,,0
100000120,,0
100000125,,0
100000130,,0
100000140,,0
100000150,,0
100000155,,0
100000160,,0
100000165,,0
100000180,,0
100000200,,0
100000203,,0
100000210,,0
100000213,,0
100000220,,0
100000230,,0
100000233,,0
100000240,,0
100000250,,0
100000300,,0
100000305,,0
100000310,,0
100000315,,0
100000320,,0
100000323,,0
100000325,,0
100000328,,0
100000330,,0
100000333,,0
100000340,,0
100000350,,0
100000355,,0
100000360,,0
100000365,,0
100000380,,0
100000381,,0
100000400,,0
100000410,,0
100000420,,0
100000430,,0
100000440,,0
100000450,,0
100000460,,0
100000470,,0
100000480,,0
100000500,,0
100000501,,0
100000505,,0
100000506,,0
100000509,,0
100000510,,0
100000511,,0
100000515,,0
100000516,,0
100000517,,0
100000520,,0
100000530,,0
100000540,,0
100000550,,0
100000560,,0
100000561,,0
100000590,,0
100000591,,0
100000600,,0
100000605,,0
100000610,,0
100000630,,0
100000632,,0
100000635,,0
100000640,,0
100000642,,0
100000645,,0
100000650,,0
100000660,,0
100000665,,0
100000700,,0
100000705,,0
100000710,,0
100000730,,0
100000732,,0
100000735,,0
100000740,,0
100000742,,0
100000745,,0
100000750,,0
100000760,,0
100000765,,0
100100000,,0
100100010,,0
100100020,,0
100100030,,0
100100040,,0
100100050,,0
100100100,,0
100100105,,0
100100110,,0
100100115,,0
100100120,,0
100100125,,0
100100130,,0
100100140,,0
100100150,,0
100100155,,0
100100160,,0
100100165,,0
100100180,,0
100100200,,0
100100210,,0
100100220,,0
100100230,,0
100100240,,0
100100250,,0
100100300,,0
100100305,,0
100100310,,0
100100315,,0
100100320,,0
100100325,,0
100100330,,0
100100340,,0
100100350,,0
100100355,,0
100100360,,0
100100365,,0
100100380,,0
100100400,,0
100100410,,0
100100420,,0
100100430,,0
100100440,,0
100100450,,0
100100460,,0
100100470,,0
100100480,,0
100100500,,0
100100505,,0
100100509,,0
100100510,,0
100100515,,0
100100516,,0
100100520,,0
100100530,,0
100100540,,0
100100550,,0
100100560,,0
100100561,,0
100100590,,0
100100591,,0
100100600,,0
100100605,,0
100100610,,0
100100630,,0
100100632,,0
100100635,,0
100100640,,0
100100642,,0
100100645,,0
100100650,,0
100100660,,0
100100665,,0
100100700,,0
100100705,,0
100100710,,0
100100730,,0
100100732,,0
100100735,,0
100100740,,0
100100742,,0
100100745,,0
100100750,,0
100100760,,0
100100765,,0
100100800,,0
100100805,,0
100100806,,0
100100810,,0
100100815,,0
100100820,,0
100100825,,0
100100830,,0
100100835,,0
100100836,,0
100100860,,0
100100865,,0
100100870,,0
100100875,,0
100100880,,0
100100885,,0
100100890,,0
100100895,,0
100101100,,0
100101101,,0
100101105,,0
100101106,,0
100101110,,0
100101111,,0
100101115,,0
100101116,,0
100101117,,0
100101300,,0
100101301,,0
100101305,,0
100101306,,0
100101310,,0
100101311,,0
100101315,,0
100101316,,0
100101317,,0
100103100,,0
100103105,,0
100103110,,0
100103115,,0
100103300,,0
100103305,,0
100103310,,0
100103315,,0
100107100,,0
100107105,,0
100107110,,0
100107115,,0
100107300,,0
100107305,,0
100107310,,0
100107315,,0
100109300,,0
100109305,,0
100109310,,0
100109315,,0
100110800,,0
100110805,,0
100110806,,0
100110810,,0
100110815,,0
100110816,,0
100110820,,0
100110825,,0
100110826,,0
100110830,,0
100110835,,0
100110836,,0
100110860,,0
100110865,,0
100110866,,0
100110870,,0
100110875,,0
100110876,,0
100110880,,0
100110885,,0
100110886,,0
100110890,,0
100110895,,0
100110896,,0
100115100,,0
100115101,,0
100115105,,0
100115106,,0
100115110,,0
100115111,,0
100115115,,0
100115116,,0
100115117,,0
100115300,,0
100115301,,0
100115305,,0
100115306,,0
100115310,,0
100115311,,0
100115315,,0
100115316,,0
100115317,,0
100116100,,0
100116101,,0
100116105,,0
100116106,,0
100116110,,0
100116111,,0
100116115,,0
100116116,,0
100116117,,0
100116300,,0
100116301,,0
100116305,,0
100116306,,0
100116310,,0
100116311,,0
100116315,,0
100116316,,0
100116317,,0
100200000,,0
100200010,,0
100200020,,0
100200030,,0
100200040,,0
100200100,,0
100200105,,0
100200110,,0
100200115,,0
100200120,,0
100200125,,0
100200130,,0
100200140,,0
100200150,,0
100200155,,0
100200160,,0
100200165,,0
100200180,,0
100200200,,0
100200210,,0
100200220,,0
100200230,,0
100200240,,0
100200300,,0
100200305,,0
100200310,,0
100200315,,0
100200320,,0
100200325,,0
100200330,,0
100200340,,0
100200350,,0
100200355,,0
100200360,,0
100200365,,0
100200380,,0
100200400,,0
100200410,,0
100200420,,0
100200430,,0
100200440,,0
100200460,,0
100200470,,0
100200480,,0
100200500,,0
100200505,,0
100200509,,0
100200510,,0
100200515,,0
100200516,,0
100200520,,0
100200530,,0
100200540,,0
100200550,,0
100200560,,0
100200561,,0
100200590,,0
100200591,,0
100200600,,0
100200605,,0
100200610,,0
100200630,,0
100200632,,0
100200635,,0
100200640,,0
100200642,,0
100200645,,0
100200650,,0
100200660,,0
100200665,,0
100200700,,0
100200705,,0
100200710,,0
100200730,,0
100200732,,0
100200735,,0
100200740,,0
100200742,,0
100200745,,0
100200750,,0
100200760,,0
100200765,,0
100200800,,0
100200805,,0
100200810,,0
100200815,,0
100200820,,0
100200825,,0
100200830,,0
100200835,,0
100200860,,0
100200865,,0
100200870,,0
100200875,,0
100200880,,0
100200885,,0
100200890,,0
100200895,,0
100201100,,0
100201105,,0
100201110,,0
100201115,,0
100201130,,0
100201330,,0
100202100,,0
100202105,,0
100202110,,0
100202115,,0
100202300,,0
100202305,,0
100202310,,0
100202315,,0
100203001,,0
100203002,,0
100203100,,0
100203105,,0
100203110,,0
100203115,,0
100203300,,0
100203305,,0
100203310,,0
100203315,,0
100208100,,0
100208101,,0
100208105,,0
100208106,,0
100208110,,0
100208115,,0
100208116,,0
100208300,,0
100208301,,0
100208305,,0
100208306,,0
100208310,,0
100208315,,0
100208316,,0
100209100,,0
100209105,,0
100209110,,0
100209115,,0
100209300,,0
100209305,,0
100209310,,0
100209315,,0
100210100,,0
100210105,,0
100210110,,0
100210115,,0
100210300,,0
100210305,,0
100210310,,0
100210315,,0
100211200,,0
100211201,,0
100211210,,0
100211211,,0
100211220,,0
100211221,,0
100211230,,0
100211231,,0
100211300,,0
100211305,,0
100211310,,0
100211315,,0
100211320,,0
100211321,,0
100211325,,0
100211326,,0
100211330,,0
100211331,,0
100211340,,0
100211341,,0
100211350,,0
100211351,,0
100211355,,0
100211360,,0
100211366,,0
100211380,,0
100299000,,0
100299010,,0
100299020,,0
100299030,,0
100299040,,0
100300000,,0
100300010,,0
100300020,,0
100300030,,0
100300100,,0
100300105,,0
100300110,,0
100300115,,0
100300120,,0
100300125,,0
100300130,,0
100300140,,0
100300150,,0
100300155,,0
100300160,,0
100300165,,0
100300180,,0
100300200,,0
100300210,,0
100300220,,0
100300230,,0
100300300,,0
100300305,,0
100300310,,0
100300315,,0
100300320,,0
100300325,,0
100300330,,0
100300340,,0
100300350,,0
100300355,,0
100300360,,0
100300365,,0
100300380,,0
100300400,,0
100300410,,0
100300420,,0
100300430,,0
100300460,,0
100300470,,0
100300480,,0
100300500,,0
100300505,,0
100300509,,0
100300510,,0
100300515,,0
100300516,,0
100300520,,0
100300530,,0
100300540,,0
100300550,,0
100300560,,0
100300561,,0
100300590,,0
100300591,,0
100300600,,0
100300605,,0
100300610,,0
100300630,,0
100300632,,0
100300635,,0
100300640,,0
100300642,,0
100300645,,0
100300650,,0
100300660,,0
100300665,,0
100300700,,0
100300705,,0
100300710,,0
100300730,,0
100300732,,0
100300735,,0
100300740,,0
100300742,,0
100300745,,0
100300750,,0
100300760,,0
100300765,,0
100300800,,0
100300805,,0
100300810,,0
100300815,,0
100300820,,0
100300825,,0
100300860,,0
100300865,,0
100300870,,0
100300875,,0
100300880,,0
100300885,,0
100300890,,0
100300895,,0
100301001,,0
100301002,,0
100301003,,0
100301100,,0
100301105,,0
100301110,,0
100301115,,0
100301300,,0
100301305,,0
100301310,,0
100301315,,0
100302001,,0
100302100,,0
100302105,,0
100302110,,0
100302115,,0
100302300,,0
100302305,,0
100302310,,0
100302315,,0
100303001,,0
100303100,,0
100303105,,0
100303110,,0
100303115,,0
100303300,,0
100303305,,0
100303310,,0
100303315,,0
100305100,,0
100305105,,0
100305110,,0
100305115,,0
100307200,,0
100307210,,0
100307220,,0
100307230,,0
100308001,,0
100308100,,0
100308105,,0
100308110,,0
100308115,,0
100308300,,0
100308305,,0
100308310,,0
100308315,,0
100309001,,0
100309100,,0
100309105,,0
100309110,,0
100309115,,0
100309300,,0
100309305,,0
100309310,,0
100309315,,0
100315110,,0
100315115,,0
100315300,,0
100315305,,0
100315310,,0
100315315,,0
100318100,,0
100318105,,0
100318110,,0
100318115,,0
100318300,,0
100318305,,0
100318310,,0
100318315,,0
100318330,,0
100400000,,0
100400001,,0
100400002,,0
100400010,,0
100400020,,0
100400100,,0
100400105,,0
100400110,,0
100400115,,0
100400120,,0
100400125,,0
100400130,,0
100400140,,0
100400150,,0
100400155,,0
100400160,,0
100400165,,0
100400180,,0
100400200,,0
100400210,,0
100400220,,0
100400300,,0
100400305,,0
100400310,,0
100400315,,0
100400320,,0
100400325,,0
100400330,,0
100400340,,0
100400350,,0
100400355,,0
100400360,,0
100400365,,0
100400380,,0
100400400,,0
100400410,,0
100400420,,0
100400460,,0
100400470,,0
100400480,,0
100400500,,0
100400501,,0
100400505,,0
100400506,,0
100400509,,0
100400510,,0
100400511,,0
100400515,,0
100400516,,0
100400517,,0
100400520,,0
100400530,,0
100400531,,0
100400540,,0
100400550,,0
100400560,,0
100400561,,0
100400590,,0
100400591,,0
100400600,,0
100400605,,0
100400610,,0
100400630,,0
100400632,,0
100400635,,0
100400640,,0
100400642,,0
100400645,,0
100400650,,0
100400660,,0
100400665,,0
100400700,,0
100400705,,0
100400710,,0
100400730,,0
100400732,,0
100400735,,0
100400740,,0
100400742,,0
100400745,,0
100400750,,0
100400760,,0
100400765,,0
100400800,,0
100400805,,0
100400810,,0
100400815,,0
100400820,,0
100400825,,0
100400860,,0
100400865,,0
100400870,,0
100400875,,0
100400880,,0
100400885,,0
100400890,,0
100400895,,0
100401100,,0
100401105,,0
100401110,,0
100401115,,0
100401300,,0
100401305,,0
100401310,,0
100401315,,0
100402100,,0
100402105,,0
100402300,,0
100402305,,0
100403001,,0
100403005,,0
100403100,,0
100403105,,0
100403110,,0
100403115,,0
100403300,,0
100403305,,0
100403310,,0
100403315,,0
100403900,,0
100403905,,0
100404000,,0
100404010,,0
100404020,,0
100404200,,0
100404210,,0
100404220,,0
100404400,,0
100404410,,0
100404420,,0
100500000,,0
100500010,,0
100500020,,0
100500030,,0
100500040,,0
100500050,,0
100500100,,0
100500105,,0
100500110,,0
100500115,,0
100500120,,0
100500125,,0
100500130,,0
100500140,,0
100500150,,0
100500155,,0
100500160,,0
100500165,,0
100500170,,0
100500175,,0
100500176,,0
100500180,,0
100500200,,0
100500210,,0
100500220,,0
100500230,,0
100500240,,0
100500250,,0
100500300,,0
100500305,,0
100500310,,0
100500315,,0
100500320,,0
100500325,,0
100500330,,0
100500340,,0
100500350,,0
100500355,,0
100500360,,0
100500365,,0
100500375,,0
100500376,,0
100500380,,0
100500400,,0
100500410,,0
100500420,,0
100500430,,0
100500440,,0
100500450,,0
100500460,,0
100500470,,0
100500480,,0
100500500,,0
100500505,,0
100500509,,0
100500510,,0
100500515,,0
100500516,,0
100500520,,0
100500530,,0
100500540,,0
100500550,,0
100500560,,0
100500561,,0
100500590,,0
100500591,,0
100500600,,0
100500605,,0
100500610,,0
100500630,,0
100500632,,0
100500635,,0
100500640,,0
100500642,,0
100500645,,0
100500650,,0
100500660,,0
100500665,,0
100500700,,0
100500705,,0
100500710,,0
100500730,,0
100500732,,0
100500735,,0
100500740,,0
100500742,,0
100500745,,0
100500750,,0
100500760,,0
100500765,,0
100500800,,0
100500805,,0
100500810,,0
100500811,,0
100500812,,0
100500820,,0
100500825,,0
100500830,,0
100500835,,0
100500836,,0
100500860,,0
100500865,,0
100500870,,0
100500875,,0
100500880,,0
100500885,,0
100500890,,0
100500891,,0
100500895,,0
100501001,,0
100501002,,0
100501100,,0
100501110,,0
100501300,,0
100501310,,0
100502100,,0
100502101,,0
100502105,,0
100502106,,0
100502110,,0
100502111,,0
100502115,,0
100502116,,0
100502300,,0
100502301,,0
100502305,,0
100502306,,0
100502310,,0
100502311,,0
100502315,,0
100502316,,0
100503100,,0
100503105,,0
100503110,,0
100503115,,0
100503300,,0
100503305,,0
100503310,,0
100503315,,0
100600000,,0
100600010,,0
100600020,,0
100600030,,0
100600040,,0
100600100,,0
100600105,,0
100600110,,0
100600115,,0
100600120,,0
100600125,,0
100600130,,0
100600140,,0
100600150,,0
100600155,,0
100600160,,0
100600165,,0
100600170,,0
100600175,,0
100600176,,0
100600180,,0
100600200,,0
100600210,,0
100600220,,0
100600230,,0
100600240,,0
100600300,,0
100600305,,0
100600310,,0
100600315,,0
100600320,,0
100600325,,0
100600330,,0
100600340,,0
100600350,,0
100600355,,0
100600360,,0
100600365,,0
100600375,,0
100600376,,0
100600380,,0
100600400,,0
100600410,,0
100600420,,0
100600430,,0
100600440,,0
100600460,,0
100600470,,0
100600480,,0
100600500,,0
100600505,,0
100600509,,0
100600510,,0
100600515,,0
100600516,,0
100600520,,0
100600530,,0
100600540,,0
100600550,,0
100600560,,0
100600561,,0
100600590,,0
100600591,,0
100600600,,0
100600605,,0
100600610,,0
100600630,,0
100600632,,0
100600635,,0
100600640,,0
100600642,,0
100600645,,0
100600650,,0
100600660,,0
100600665,,0
100600700,,0
100600705,,0
100600710,,0
100600730,,0
100600732,,0
100600735,,0
100600740,,0
100600742,,0
100600745,,0
100600750,,0
100600760,,0
100600765,,0
100600800,,0
100600805,,0
100600810,,0
100600815,,0
100600820,,0
100600825,,0
100600860,,0
100600865,,0
100600870,,0
100600875,,0
100600880,,0
100600885,,0
100600890,,0
100600895,,0
100603100,,0
100603105,,0
100603110,,0
100603115,,0
100603175,,0
100603176,,0
100603300,,0
100603305,,0
100603310,,0
100603315,,0
100603375,,0
100603376,,0
100604100,,0
100604105,,0
100604106,,0
100604110,,0
100604115,,0
100604116,,0
100604175,,0
100604176,,0
100604300,,0
100604305,,0
100604306,,0
100604310,,0
100604315,,0
100604316,,0
100604375,,0
100604376,,0
100700000,,0
100700010,,0
100700020,,0
100700030,,0
100700040,,0
100700050,,0
100700100,,0
100700105,,0
100700106,,0
100700110,,0
100700115,,0
100700116,,0
100700120,,0
100700125,,0
100700130,,0
100700140,,0
100700150,,0
100700155,,0
100700160,,0
100700165,,0
100700175,,0
100700176,,0
100700180,,0
100700200,,0
100700210,,0
100700220,,0
100700230,,0
100700240,,0
100700250,,0
100700300,,0
100700305,,0
100700306,,0
100700310,,0
100700315,,0
100700316,,0
100700320,,0
100700325,,0
100700330,,0
100700340,,0
100700350,,0
100700355,,0
100700360,,0
100700365,,0
100700375,,0
100700376,,0
100700380,,0
100700400,,0
100700410,,0
100700420,,0
100700430,,0
100700440,,0
100700450,,0
100700460,,0
100700470,,0
100700480,,0
100700500,,0
100700505,,0
100700509,,0
100700510,,0
100700515,,0
100700516,,0
100700520,,0
100700530,,0
100700540,,0
100700550,,0
100700560,,0
100700561,,0
100700590,,0
100700591,,0
100700600,,0
100700605,,0
100700610,,0
100700630,,0
100700632,,0
100700635,,0
100700636,,0
100700640,,0
100700642,,0
100700645,,0
100700650,,0
100700660,,0
100700665,,0
100700700,,0
100700705,,0
100700710,,0
100700730,,0
100700732,,0
100700735,,0
100700736,,0
100700740,,0
100700742,,0
100700745,,0
100700750,,0
100700760,,0
100700765,,0
100700800,,0
100700805,,0
100700810,,0
100700815,,0
100700820,,0
100700825,,0
100700830,,0
100700835,,0
100700860,,0
100700861,,0
100700865,,0
100700866,,0
100700870,,0
100700875,,0
100700880,,0
100700885,,0
100700890,,0
100700891,,0
100700895,,0
100700896,,0
100701150,,0
100701151,,0
100701155,,0
100701160,,0
100701161,,0
100701165,,0
100701350,,0
100701351,,0
100701355,,0
100701360,,0
100701361,,0
100701365,,0
100702100,,0
100702105,,0
100702110,,0
100702115,,0
100702300,,0
100702305,,0
100702310,,0
100702315,,0
100706100,,0
100706101,,0
100706105,,0
100706106,,0
100706107,,0
100706110,,0
100706111,,0
100706115,,0
100706116,,0
100706117,,0
100706300,,0
100706301,,0
100706305,,0
100706306,,0
100706307,,0
100706310,,0
100706311,,0
100706315,,0
100706316,,0
100706317,,0
100707100,,0
100707101,,0
100707105,,0
100707106,,0
100707107,,0
100707108,,0
100707110,,0
100707111,,0
100707115,,0
100707116,,0
100707117,,0
100707118,,0
100707300,,0
100707301,,0
100707305,,0
100707306,,0
100707307,,0
100707308,,0
100707310,,0
100707311,,0
100707315,,0
100707316,,0
100707317,,0
100707318,,0
100710100,,0
100710105,,0
100710110,,0
100710115,,0
100710300,,0
100710305,,0
100710310,,0
100710315,,0
100712100,,0
100712105,,0
100712110,,0
100712115,,0
100712300,,0
100712305,,0
100712310,,0
100712315,,0
100714000,,0
100714010,,0
100714020,,0
100714030,,0
100714040,,0
100714050,,0
100714200,,0
100714210,,0
100714220,,0
100714230,,0
100714240,,0
100714250,,0
100714400,,0
100714410,,0
100714420,,0
100714430,,0
100714440,,0
100714450,,0
100800000,,0
100800010,,0
100800020,,0
100800030,,0
100800100,,0
100800105,,0
100800110,,0
100800115,,0
100800116,,0
100800120,,0
100800125,,0
100800130,,0
100800140,,0
100800150,,0
100800155,,0
100800160,,0
100800165,,0
100800180,,0
100800200,,0
100800210,,0
100800220,,0
100800230,,0
100800300,,0
100800305,,0
100800310,,0
100800315,,0
100800316,,0
100800320,,0
100800325,,0
100800330,,0
100800340,,0
100800350,,0
100800355,,0
100800360,,0
100800365,,0
100800380,,0
100800400,,0
100800410,,0
100800420,,0
100800430,,0
100800460,,0
100800470,,0
100800480,,0
100800500,,0
100800501,,0
100800505,,0
100800506,,0
100800509,,0
100800510,,0
100800511,,0
100800515,,0
100800516,,0
100800517,,0
100800520,,0
100800530,,0
100800531,,0
100800540,,0
100800550,,0
100800560,,0
100800561,,0
100800590,,0
100800591,,0
100800600,,0
100800605,,0
100800610,,0
100800630,,0
100800632,,0
100800635,,0
100800640,,0
100800642,,0
100800645,,0
100800650,,0
100800660,,0
100800665,,0
100800700,,0
100800705,,0
100800710,,0
100800730,,0
100800732,,0
100800735,,0
100800740,,0
100800742,,0
100800745,,0
100800750,,0
100800760,,0
100800765,,0
100800800,,0
100800805,,0
100800810,,0
100800815,,0
100800820,,0
100800825,,0
100800830,,0
100800835,,0
100800860,,0
100800865,,0
100800870,,0
100800875,,0
100800880,,0
100800885,,0
100800890,,0
100800895,,0
100801000,,0
100801010,,0
100801020,,0
100801030,,0
100801200,,0
100801210,,0
100801220,,0
100801230,,0
100801400,,0
100801410,,0
100801420,,0
100801430,,0
100802300,,0
100802305,,0
100802310,,0
100802315,,0
100802360,,0
100803300,,0
100803305,,0
100803310,,0
100803315,,0
100803360,,0
100804150,,0
100804160,,0
100804350,,0
100804360,,0
100900000,,0
100900010,,0
100900020,,0
100900030,,0
100900040,,0
100900100,,0
100900105,,0
100900110,,0
100900115,,0
100900120,,0
100900125,,0
100900130,,0
100900140,,0
100900150,,0
100900155,,0
100900160,,0
100900165,,0
100900180,,0
100900200,,0
100900210,,0
100900220,,0
100900230,,0
100900240,,0
100900300,,0
100900305,,0
100900310,,0
100900315,,0
100900320,,0
100900325,,0
100900330,,0
100900340,,0
100900350,,0
100900355,,0
100900360,,0
100900365,,0
100900380,,0
100900400,,0
100900410,,0
100900420,,0
100900430,,0
100900440,,0
100900460,,0
100900470,,0
100900480,,0
100900500,,0
100900509,,0
100900510,,0
100900530,,0
100900550,,0
100900560,,0
100900561,,0
100900590,,0
100900591,,0
100900600,,0
100900605,,0
100900610,,0
100900630,,0
100900632,,0
100900635,,0
100900650,,0
100900660,,0
100900700,,0
100900705,,0
100900710,,0
100900730,,0
100900732,,0
100900735,,0
100900750,,0
100900760,,0
100900800,,0
100900805,,0
100900810,,0
100900815,,0
100900820,,0
100900825,,0
100900830,,0
100900835,,0
100900860,,0
100900865,,0
100900870,,0
100900875,,0
100900880,,0
100900885,,0
100900890,,0
100900895,,0
100901100,,0
100901101,,0
100901105,,0
100901106,,0
100901110,,0
100901111,,0
100901115,,0
100901116,,0
100901300,,0
100901301,,0
100901305,,0
100901306,,0
100901310,,0
100901311,,0
100901315,,0
100901316,,0
100903100,,0
100903105,,0
100903110,,0
100903115,,0
100903300,,0
100903305,,0
100903310,,0
100903315,,0
100904110,,0
100904115,,0
100904300,,0
100904305,,0
100904310,,0
100904315,,0
100907100,,0
100907101,,0
100907105,,0
100907106,,0
100907107,,0
100907110,,0
100907111,,0
100907115,,0
100907116,,0
100907117,,0
100907300,,0
100907301,,0
100907305,,0
100907306,,0
100907307,,0
100907310,,0
100907311,,0
100907315,,0
100907316,,0
100907317,,0
101000000,,0
101000010,,0
101000020,,0
101000030,,0
101000040,,0
101000100,,0
101000105,,0
101000110,,0
101000115,,0
101000120,,0
101000125,,0
101000126,,0
101000130,,0
101000140,,0
101000150,,0
101000155,,0
101000160,,0
101000165,,0
101000180,,0
101000200,,0
101000201,,0
101000210,,0
101000211,,0
101000220,,0
101000230,,0
101000231,,0
101000232,,0
101000240,,0
101000241,,0
101000242,,0
101000300,,0
101000301,,0
101000302,,0
101000305,,0
101000306,,0
101000307,,0
101000308,,0
101000310,,0
101000311,,0
101000312,,0
101000315,,0
101000316,,0
101000317,,0
101000318,,0
101000320,,0
101000321,,0
101000325,,0
101000326,,0
101000330,,0
101000331,,0
101000340,,0
101000350,,0
101000351,,0
101000355,,0
101000360,,0
101000365,,0
101000380,,0
101000381,,0
101000400,,0
101000410,,0
101000420,,0
101000430,,0
101000440,,0
101000460,,0
101000470,,0
101000480,,0
101000500,,0
101000509,,0
101000510,,0
101000530,,0
101000550,,0
101000560,,0
101000561,,0
101000590,,0
101000591,,0
101000600,,0
101000605,,0
101000610,,0
101000630,,0
101000632,,0
101000635,,0
101000650,,0
101000660,,0
101000700,,0
101000705,,0
101000710,,0
101000730,,0
101000732,,0
101000735,,0
101000750,,0
101000760,,0
101000800,,0
101000805,,0
101000810,,0
101000815,,0
101000820,,0
101000825,,0
101000860,,0
101000865,,0
101000870,,0
101000875,,0
101000880,,0
101000885,,0
101000890,,0
101000891,,0
101000895,,0
101000896,,0
101001100,,0
101001105,,0
101001110,,0
101001115,,0
101001125,,0
101001126,,0
101001300,,0
101001301,,0
101001305,,0
101001306,,0
101001307,,0
101001308,,0
101001310,,0
101001311,,0
101001315,,0
101001316,,0
101001317,,0
101001318,,0
101001325,,0
101001326,,0
101001327,,0
101001328,,0
101005100,,0
101005101,,0
101005105,,0
101005106,,0
101005107,,0
101005108,,0
101005110,,0
101005115,,0
101005116,,0
101005117,,0
101005300,,0
101005301,,0
101005305,,0
101005306,,0
101005307,,0
101005308,,0
101005309,,0
101005310,,0
101005315,,0
101005316,,0
101005317,,0
101100000,,0
101100010,,0
101100020,,0
101100030,,0
101100040,,0
101100100,,0
101100105,,0
101100110,,0
101100115,,0
101100120,,0
101100125,,0
101100130,,0
101100140,,0
101100150,,0
101100155,,0
101100160,,0
101100165,,0
101100180,,0
101100200,,0
101100210,,0
101100220,,0
101100230,,0
101100240,,0
101100300,,0
101100305,,0
101100310,,0
101100315,,0
101100320,,0
101100325,,0
101100330,,0
101100340,,0
101100350,,0
101100355,,0
101100360,,0
101100365,,0
101100380,,0
101100400,,0
101100410,,0
101100420,,0
101100430,,0
101100440,,0
101100460,,0
101100470,,0
101100480,,0
101100500,,0
101100501,,0
101100505,,0
101100506,,0
101100509,,0
101100510,,0
101100511,,0
101100515,,0
101100517,,0
101100518,,0
101100520,,0
101100530,,0
101100531,,0
101100540,,0
101100550,,0
101100560,,0
101100561,,0
101100590,,0
101100591,,0
101100600,,0
101100605,,0
101100610,,0
101100630,,0
101100632,,0
101100635,,0
101100640,,0
101100642,,0
101100645,,0
101100650,,0
101100660,,0
101100665,,0
101100700,,0
101100705,,0
101100710,,0
101100730,,0
101100732,,0
101100735,,0
101100740,,0
101100742,,0
101100745,,0
101100750,,0
101100760,,0
101100765,,0
101100800,,0
101100805,,0
101100810,,0
101100815,,0
101100820,,0
101100825,,0
101100830,,0
101100835,,0
101100836,,0
101100860,,0
101100865,,0
101100870,,0
101100875,,0
101100880,,0
101100885,,0
101100890,,0
101100895,,0
101101000,,0
101101010,,0
101101020,,0
101101030,,0
101101040,,0
101101130,,0
101101200,,0
101101210,,0
101101220,,0
101101230,,0
101101240,,0
101101330,,0
101101400,,0
101101410,,0
101101420,,0
101101430,,0
101101440,,0
101102100,,0
101102105,,0
101102110,,0
101102115,,0
101102300,,0
101102305,,0
101102310,,0
101102315,,0
101103100,,0
101103105,,0
101103110,,0
101103115,,0
101103300,,0
101103305,,0
101103310,,0
101103315,,0
101105040,,0
101105125,,0
101105130,,0
101105140,,0
101105240,,0
101105325,,0
101105330,,0
101105340,,0
101105440,,0
101107100,,0
101107105,,0
101107110,,0
101107115,,0
101107300,,0
101107305,,0
101107310,,0
101107315,,0
101116040,,0
101116125,,0
101116130,,0
101116140,,0
101116240,,0
101116325,,0
101116330,,0
101116340,,0
101116440,,0
101117040,,0
101117125,,0
101117130,,0
101117140,,0
101117240,,0
101117325,,0
101117330,,0
101117340,,0
101117440,,0
101200000,,0
101200001,,0
101200002,,0
101200010,,0
101200020,,0
101200030,,0
101200100,,0
101200105,,0
101200110,,0
101200115,,0
101200120,,0
101200125,,0
101200130,,0
101200140,,0
101200150,,0
101200155,,0
101200160,,0
101200165,,0
101200180,,0
101200200,,0
101200210,,0
101200220,,0
101200230,,0
101200300,,0
101200301,,0
101200305,,0
101200310,,0
101200315,,0
101200320,,0
101200325,,0
101200330,,0
101200340,,0
101200350,,0
101200355,,0
101200360,,0
101200365,,0
101200380,,0
101200400,,0
101200410,,0
101200420,,0
101200430,,0
101200460,,0
101200470,,0
101200480,,0
101200500,,0
101200501,,0
101200505,,0
101200506,,0
101200509,,0
101200510,,0
101200511,,0
101200515,,0
101200516,,0
101200517,,0
101200520,,0
101200530,,0
101200531,,0
101200540,,0
101200550,,0
101200560,,0
101200561,,0
101200590,,0
101200591,,0
101200600,,0
101200605,,0
101200610,,0
101200630,,0
101200632,,0
101200635,,0
101200640,,0
101200642,,0
101200645,,0
101200650,,0
101200660,,0
101200665,,0
101200700,,0
101200705,,0
101200710,,0
101200730,,0
101200732,,0
101200735,,0
101200740,,0
101200742,,0
101200745,,0
101200750,,0
101200760,,0
101200765,,0
101200800,,0
101200805,,0
101200810,,0
101200815,,0
101200820,,0
101200825,,0
101200860,,0
101200865,,0
101200870,,0
101200875,,0
101200880,,0
101200885,,0
101200890,,0
101200895,,0
101201100,,0
101201105,,0
101201110,,0
101201115,,0
101201300,,0
101201305,,0
101201310,,0
101201315,,0
101205000,,0
101205001,,0
101205002,,0
101205010,,0
101205020,,0
101205030,,0
101205100,,0
101205105,,0
101205110,,0
101205115,,0
101205120,,0
101205125,,0
101205130,,0
101205140,,0
101205150,,0
101205155,,0
101205160,,0
101205165,,0
101205180,,0
101205200,,0
101205210,,0
101205220,,0
101205230,,0
101205300,,0
101205305,,0
101205310,,0
101205315,,0
101205320,,0
101205325,,0
101205330,,0
101205340,,0
101205350,,0
101205355,,0
101205360,,0
101205365,,0
101205380,,0
101205400,,0
101205410,,0
101205420,,0
101205430,,0
101205460,,0
101205470,,0
101205480,,0
101205500,,0
101205501,,0
101205505,,0
101205506,,0
101205509,,0
101205510,,0
101205511,,0
101205515,,0
101205516,,0
101205517,,0
101205520,,0
101205530,,0
101205531,,0
101205540,,0
101205550,,0
101205560,,0
101205561,,0
101205590,,0
101205591,,0
101205600,,0
101205605,,0
101205610,,0
101205630,,0
101205632,,0
101205635,,0
101205640,,0
101205642,,0
101205645,,0
101205650,,0
101205660,,0
101205665,,0
101205700,,0
101205705,,0
101205710,,0
101205730,,0
101205732,,0
101205735,,0
101205740,,0
101205742,,0
101205745,,0
101205750,,0
101205760,,0
101205765,,0
101205800,,0
101205805,,0
101205810,,0
101205815,,0
101205820,,0
101205825,,0
101205860,,0
101205865,,0
101205870,,0
101205875,,0
101205880,,0
101205885,,0
101205890,,0
101205895,,0
101300000,,0
101300010,,0
101300020,,0
101300030,,0
101300100,,0
101300105,,0
101300110,,0
101300115,,0
101300120,,0
101300125,,0
101300130,,0
101300140,,0
101300150,,0
101300155,,0
101300160,,0
101300165,,0
101300180,,0
101300200,,0
101300210,,0
101300220,,0
101300230,,0
101300300,,0
101300305,,0
101300310,,0
101300315,,0
101300320,,0
101300325,,0
101300330,,0
101300340,,0
101300350,,0
101300355,,0
101300360,,0
101300365,,0
101300380,,0
101300400,,0
101300410,,0
101300420,,0
101300430,,0
101300460,,0
101300470,,0
101300480,,0
101300500,,0
101300501,,0
101300505,,0
101300506,,0
101300509,,0
101300510,,0
101300511,,0
101300515,,0
101300517,,0
101300518,,0
101300520,,0
101300530,,0
101300531,,0
101300540,,0
101300550,,0
101300560,,0
101300561,,0
101300590,,0
101300591,,0
101300600,,0
101300605,,0
101300610,,0
101300630,,0
101300632,,0
101300635,,0
101300640,,0
101300642,,0
101300645,,0
101300650,,0
101300660,,0
101300665,,0
101300700,,0
101300705,,0
101300710,,0
101300730,,0
101300732,,0
101300735,,0
101300740,,0
101300742,,0
101300745,,0
101300750,,0
101300760,,0
101300765,,0
101300800,,0
101300805,,0
101300810,,0
101300815,,0
101300820,,0
101300825,,0
101300830,,0
101300835,,0
101300836,,0
101300860,,0
101300865,,0
101300870,,0
101300875,,0
101300880,,0
101300885,,0
101300890,,0
101300895,,0
101400000,,0
101400010,,0
101400020,,0
101400030,,0
101400040,,0
101400100,,0
101400105,,0
101400110,,0
101400115,,0
101400120,,0
101400125,,0
101400130,,0
101400140,,0
101400150,,0
101400155,,0
101400160,,0
101400165,,0
101400180,,0
101400200,,0
101400210,,0
101400220,,0
101400230,,0
101400240,,0
101400300,,0
101400305,,0
101400310,,0
101400315,,0
101400320,,0
101400325,,0
101400330,,0
101400340,,0
101400350,,0
101400355,,0
101400360,,0
101400365,,0
101400380,,0
101400400,,0
101400410,,0
101400420,,0
101400430,,0
101400440,,0
101400460,,0
101400470,,0
101400480,,0
101400500,,0
101400501,,0
101400505,,0
101400506,,0
101400509,,0
101400510,,0
101400511,,0
101400515,,0
101400517,,0
101400518,,0
101400520,,0
101400530,,0
101400531,,0
101400540,,0
101400550,,0
101400560,,0
101400561,,0
101400590,,0
101400591,,0
101400600,,0
101400605,,0
101400610,,0
101400630,,0
101400632,,0
101400635,,0
101400640,,0
101400642,,0
101400645,,0
101400650,,0
101400660,,0
101400665,,0
101400700,,0
101400705,,0
101400710,,0
101400730,,0
101400732,,0
101400735,,0
101400740,,0
101400742,,0
101400745,,0
101400750,,0
101400760,,0
101400765,,0
101400800,,0
101400805,,0
101400810,,0
101400815,,0
101400820,,0
101400825,,0
101400830,,0
101400835,,0
101400836,,0
101400860,,0
101400865,,0
101400870,,0
101400875,,0
101400880,,0
101400885,,0
101400890,,0
101400895,,0
101401000,,0
101401010,,0
101401020,,0
101401030,,0
101401040,,0
101401200,,0
101401210,,0
101401220,,0
101401230,,0
101401240,,0
101401400,,0
101401410,,0
101401420,,0
101401430,,0
101401440,,0
101406000,,0
101406010,,0
101406020,,0
101406030,,0
101406040,,0
101406100,,0
101406105,,0
101406110,,0
101406115,,0
101406140,,0
101406200,,0
101406210,,0
101406220,,0
101406230,,0
101406240,,0
101406300,,0
101406305,,0
101406310,,0
101406315,,0
101406400,,0
101406410,,0
101406420,,0
101406430,,0
101406440,,0
101407010,,0
101407020,,0
101407030,,0
101407040,,0
101407110,,0
101407115,,0
101407116,,0
101407210,,0
101407220,,0
101407230,,0
101407240,,0
101407310,,0
101407315,,0
101407316,,0
101407410,,0
101407420,,0
101407430,,0
101407440,,0
101500000,,0
101500002,,0
101500010,,0
101500020,,0
101500030,,0
101500100,,0
101500101,,0
101500105,,0
101500110,,0
101500115,,0
101500120,,0
101500125,,0
101500130,,0
101500140,,0
101500150,,0
101500155,,0
101500160,,0
101500165,,0
101500180,,0
101500200,,0
101500210,,0
101500220,,0
101500230,,0
101500300,,0
101500301,,0
101500305,,0
101500310,,0
101500315,,0
101500320,,0
101500325,,0
101500330,,0
101500340,,0
101500350,,0
101500355,,0
101500360,,0
101500365,,0
101500380,,0
101500400,,0
101500410,,0
101500420,,0
101500430,,0
101500460,,0
101500470,,0
101500480,,0
101500500,,0
101500501,,0
101500505,,0
101500506,,0
101500509,,0
101500510,,0
101500511,,0
101500515,,0
101500516,,0
101500517,,0
101500520,,0
101500530,,0
101500531,,0
101500540,,0
101500550,,0
101500560,,0
101500561,,0
101500590,,0
101500591,,0
101500600,,0
101500605,,0
101500610,,0
101500630,,0
101500632,,0
101500635,,0
101500640,,0
101500642,,0
101500645,,0
101500650,,0
101500660,,0
101500665,,0
101500700,,0
101500705,,0
101500710,,0
101500730,,0
101500732,,0
101500735,,0
101500740,,0
101500742,,0
101500745,,0
101500750,,0
101500760,,0
101500765,,0
101500800,,0
101500805,,0
101500810,,0
101500815,,0
101500820,,0
101500825,,0
101500860,,0
101500865,,0
101500870,,0
101500875,,0
101500880,,0
101500885,,0
101500890,,0
101500895,,0
101501300,,0
101501305,,0
101501310,,0
101501315,,0
101501360,,0
101503100,,0
101503105,,0
101503110,,0
101503115,,0
101503300,,0
101503305,,0
101503310,,0
101503315,,0
101504100,,0
101504105,,0
101504110,,0
101504115,,0
101504300,,0
101504305,,0
101504310,,0
101504315,,0
101505000,,0
101505002,,0
101505010,,0
101505020,,0
101505030,,0
101505100,,0
101505101,,0
101505105,,0
101505110,,0
101505115,,0
101505120,,0
101505125,,0
101505130,,0
101505140,,0
101505150,,0
101505155,,0
101505160,,0
101505165,,0
101505180,,0
101505200,,0
101505210,,0
101505220,,0
101505230,,0
101505300,,0
101505301,,0
101505305,,0
101505310,,0
101505315,,0
101505320,,0
101505325,,0
101505330,,0
101505340,,0
101505350,,0
101505355,,0
101505360,,0
101505365,,0
101505380,,0
101505400,,0
101505410,,0
101505420,,0
101505430,,0
101505460,,0
101505470,,0
101505480,,0
101505500,,0
101505501,,0
101505505,,0
101505506,,0
101505509,,0
101505510,,0
101505511,,0
101505515,,0
101505516,,0
101505517,,0
101505520,,0
101505530,,0
101505531,,0
101505540,,0
101505550,,0
101505560,,0
101505561,,0
101505590,,0
101505591,,0
101505600,,0
101505605,,0
101505610,,0
101505630,,0
101505632,,0
101505635,,0
101505640,,0
101505642,,0
101505645,,0
101505650,,0
101505660,,0
101505665,,0
101505700,,0
101505705,,0
101505710,,0
101505730,,0
101505732,,0
101505735,,0
101505740,,0
101505742,,0
101505745,,0
101505750,,0
101505760,,0
101505765,,0
101505800,,0
101505805,,0
101505810,,0
101505815,,0
101505820,,0
101505825,,0
101505860,,0
101505865,,0
101505870,,0
101505875,,0
101505880,,0
101505885,,0
101505890,,0
101505895,,0
101600000,,0
101600010,,0
101600020,,0
101600030,,0
101600100,,0
101600105,,0
101600110,,0
101600115,,0
101600120,,0
101600125,,0
101600130,,0
101600140,,0
101600150,,0
101600155,,0
101600160,,0
101600165,,0
101600170,,0
101600180,,0
101600200,,0
101600210,,0
101600220,,0
101600230,,0
101600300,,0
101600305,,0
101600310,,0
101600315,,0
101600320,,0
101600325,,0
101600330,,0
101600340,,0
101600350,,0
101600355,,0
101600360,,0
101600365,,0
101600380,,0
101600400,,0
101600410,,0
101600420,,0
101600430,,0
101600460,,0
101600470,,0
101600480,,0
101600500,,0
101600505,,0
101600509,,0
101600510,,0
101600515,,0
101600516,,0
101600520,,0
101600530,,0
101600540,,0
101600550,,0
101600560,,0
101600561,,0
101600590,,0
101600591,,0
101600600,,0
101600605,,0
101600610,,0
101600630,,0
101600632,,0
101600635,,0
101600640,,0
101600642,,0
101600645,,0
101600650,,0
101600660,,0
101600665,,0
101600700,,0
101600705,,0
101600710,,0
101600730,,0
101600732,,0
101600735,,0
101600740,,0
101600742,,0
101600745,,0
101600750,,0
101600760,,0
101600765,,0
101600800,,0
101600805,,0
101600810,,0
101600815,,0
101600820,,0
101600825,,0
101600860,,0
101600865,,0
101600870,,0
101600875,,0
101600880,,0
101600881,,0
101600885,,0
101600890,,0
101600895,,0
101601100,,0
101601101,,0
101601105,,0
101601106,,0
101601110,,0
101601111,,0
101601115,,0
101601116,,0
101601117,,0
101601300,,0
101601301,,0
101601305,,0
101601306,,0
101601310,,0
101601311,,0
101601315,,0
101601316,,0
101601317,,0
101604100,,0
101604101,,0
101604105,,0
101604106,,0
101604110,,0
101604111,,0
101604115,,0
101604116,,0
101604117,,0
101604300,,0
101604301,,0
101604305,,0
101604306,,0
101604310,,0
101604311,,0
101604315,,0
101604316,,0
101604317,,0
101605100,,0
101605105,,0
101605110,,0
101605115,,0
101605300,,0
101605305,,0
101605310,,0
101605315,,0
101606100,,0
101606105,,0
101606110,,0
101606115,,0
101606300,,0
101606305,,0
101606310,,0
101606315,,0
101611000,,0
101611010,,0
101611020,,0
101611030,,0
101611200,,0
101611210,,0
101611220,,0
101611230,,0
101611400,,0
101611410,,0
101611420,,0
101611430,,0
101699000,,0
101699010,,0
101699020,,0
101699030,,0
101699100,,0
101699105,,0
101699106,,0
101699110,,0
101699115,,0
101699116,,0
101699120,,0
101699125,,0
101699130,,0
101699140,,0
101699150,,0
101699155,,0
101699160,,0
101699165,,0
101699200,,0
101699210,,0
101699220,,0
101699230,,0
101699300,,0
101699305,,0
101699310,,0
101699315,,0
101699320,,0
101699325,,0
101699330,,0
101699340,,0
101699350,,0
101699355,,0
101699360,,0
101699365,,0
101699600,,0
101699605,,0
101699610,,0
101699630,,0
101699632,,0
101699635,,0
101699640,,0
101699642,,0
101699645,,0
101699650,,0
101699660,,0
101699665,,0
101699700,,0
101699705,,0
101699710,,0
101699730,,0
101699732,,0
101699735,,0
101699740,,0
101699742,,0
101699745,,0
101699750,,0
101699760,,0
101699765,,0
101700000,,0
101700001,,0
101700010,,0
101700020,,0
101700100,,0
101700105,,0
101700110,,0
101700115,,0
101700120,,0
101700125,,0
101700126,,0
101700127,,0
101700128,,0
101700129,,0
101700130,,0
101700140,,0
101700150,,0
101700155,,0
101700160,,0
101700165,,0
101700170,,0
101700180,,0
101700200,,0
101700210,,0
101700220,,0
101700300,,0
101700305,,0
101700310,,0
101700315,,0
101700320,,0
101700325,,0
101700326,,0
101700327,,0
101700328,,0
101700329,,0
101700330,,0
101700340,,0
101700350,,0
101700355,,0
101700360,,0
101700365,,0
101700380,,0
101700400,,0
101700410,,0
101700420,,0
101700460,,0
101700470,,0
101700480,,0
101700500,,0
101700505,,0
101700509,,0
101700510,,0
101700515,,0
101700516,,0
101700520,,0
101700530,,0
101700540,,0
101700550,,0
101700560,,0
101700561,,0
101700590,,0
101700591,,0
101700600,,0
101700605,,0
101700610,,0
101700630,,0
101700631,,0
101700632,,0
101700635,,0
101700640,,0
101700642,,0
101700645,,0
101700650,,0
101700660,,0
101700665,,0
101700700,,0
101700705,,0
101700710,,0
101700730,,0
101700731,,0
101700732,,0
101700735,,0
101700740,,0
101700742,,0
101700745,,0
101700750,,0
101700760,,0
101700765,,0
101700800,,0
101700805,,0
101700810,,0
101700815,,0
101700820,,0
101700825,,0
101700860,,0
101700861,,0
101700862,,0
101700863,,0
101700864,,0
101700865,,0
101700866,,0
101700867,,0
101700868,,0
101700869,,0
101700870,,0
101700875,,0
101700880,,0
101700885,,0
101700890,,0
101700895,,0
101702100,,0
101702105,,0
101702110,,0
101702115,,0
101702300,,0
101702305,,0
101702310,,0
101702315,,0
101703000,,0
101703001,,0
101703010,,0
101703020,,0
101703100,,0
101703105,,0
101703110,,0
101703115,,0
101703120,,0
101703125,,0
101703126,,0
101703127,,0
101703128,,0
101703129,,0
101703130,,0
101703140,,0
101703150,,0
101703155,,0
101703160,,0
101703165,,0
101703170,,0
101703180,,0
101703200,,0
101703210,,0
101703220,,0
101703300,,0
101703305,,0
101703310,,0
101703315,,0
101703320,,0
101703325,,0
101703326,,0
101703327,,0
101703328,,0
101703329,,0
101703330,,0
101703340,,0
101703350,,0
101703355,,0
101703360,,0
101703365,,0
101703380,,0
101703400,,0
101703410,,0
101703420,,0
101703460,,0
101703470,,0
101703480,,0
101703500,,0
101703505,,0
101703509,,0
101703510,,0
101703515,,0
101703516,,0
101703520,,0
101703530,,0
101703540,,0
101703550,,0
101703560,,0
101703561,,0
101703590,,0
101703591,,0
101703600,,0
101703605,,0
101703610,,0
101703630,,0
101703632,,0
101703635,,0
101703640,,0
101703642,,0
101703645,,0
101703650,,0
101703660,,0
101703665,,0
101703700,,0
101703705,,0
101703710,,0
101703730,,0
101703732,,0
101703735,,0
101703740,,0
101703742,,0
101703745,,0
101703750,,0
101703760,,0
101703765,,0
101703800,,0
101703805,,0
101703810,,0
101703815,,0
101703820,,0
101703825,,0
101703860,,0
101703861,,0
101703862,,0
101703863,,0
101703864,,0
101703865,,0
101703866,,0
101703867,,0
101703868,,0
101703869,,0
101703870,,0
101703875,,0
101703880,,0
101703885,,0
101703890,,0
101703895,,0
101707100,,0
101707105,,0
101707106,,0
101707110,,0
101707115,,0
101707116,,0
101707300,,0
101707305,,0
101707306,,0
101707310,,0
101707315,,0
101707316,,0
101800000,,0
101800010,,0
101800020,,0
101800030,,0
101800100,,0
101800105,,0
101800110,,0
101800115,,0
101800120,,0
101800121,,0
101800125,,0
101800130,,0
101800140,,0
101800141,,0
101800150,,0
101800155,,0
101800160,,0
101800165,,0
101800180,,0
101800200,,0
101800210,,0
101800220,,0
101800230,,0
101800300,,0
101800303,,0
101800305,,0
101800308,,0
101800310,,0
101800313,,0
101800315,,0
101800318,,0
101800320,,0
101800321,,0
101800325,,0
101800330,,0
101800340,,0
101800341,,0
101800350,,0
101800355,,0
101800360,,0
101800365,,0
101800380,,0
101800400,,0
101800410,,0
101800420,,0
101800430,,0
101800460,,0
101800470,,0
101800480,,0
101800500,,0
101800505,,0
101800509,,0
101800510,,0
101800515,,0
101800516,,0
101800520,,0
101800530,,0
101800540,,0
101800550,,0
101800560,,0
101800561,,0
101800590,,0
101800591,,0
101800600,,0
101800605,,0
101800610,,0
101800630,,0
101800632,,0
101800635,,0
101800638,,0
101800650,,0
101800660,,0
101800700,,0
101800705,,0
101800710,,0
101800730,,0
101800732,,0
101800735,,0
101800738,,0
101800750,,0
101800760,,0
101800800,,0
101800805,,0
101800810,,0
101800815,,0
101800820,,0
101800825,,0
101800860,,0
101800865,,0
101800870,,0
101800875,,0
101800880,,0
101800885,,0
101800890,,0
101800895,,0
101801000,,0
101801010,,0
101801020,,0
101801030,,0
101801200,,0
101801210,,0
101801220,,0
101801230,,0
101801400,,0
101801410,,0
101801420,,0
101801430,,0
101802100,,0
101802105,,0
101802110,,0
101802115,,0
101802300,,0
101802305,,0
101802310,,0
101802315,,0
101802600,,0
101802605,,0
101802610,,0
101802630,,0
101802632,,0
101802635,,0
101802638,,0
101802650,,0
101802660,,0
101802700,,0
101802705,,0
101802710,,0
101802730,,0
101802732,,0
101802735,,0
101802738,,0
101802750,,0
101802760,,0
101804000,,0
101804010,,0
101804020,,0
101804030,,0
101804200,,0
101804210,,0
101804220,,0
101804230,,0
101804400,,0
101804410,,0
101804420,,0
101804430,,0
101809000,,0
101809010,,0
101809020,,0
101809030,,0
101809200,,0
101809210,,0
101809220,,0
101809230,,0
101809400,,0
101809410,,0
101809420,,0
101809430,,0
101810000,,0
101810010,,0
101810020,,0
101810030,,0
101810200,,0
101810210,,0
101810220,,0
101810230,,0
101810400,,0
101810410,,0
101810420,,0
101810430,,0
101811000,,0
101811010,,0
101811020,,0
101811030,,0
101811200,,0
101811210,,0
101811220,,0
101811230,,0
101811400,,0
101811410,,0
101811420,,0
101811430,,0
101812000,,0
101812010,,0
101812020,,0
101812030,,0
101812200,,0
101812210,,0
101812220,,0
101812230,,0
101812400,,0
101812410,,0
101812420,,0
101812430,,0
101900000,,0
101900010,,0
101900020,,0
101900030,,0
101900100,,0
101900105,,0
101900110,,0
101900115,,0
101900120,,0
101900125,,0
101900130,,0
101900140,,0
101900150,,0
101900155,,0
101900160,,0
101900165,,0
101900180,,0
101900200,,0
101900210,,0
101900220,,0
101900230,,0
101900300,,0
101900305,,0
101900310,,0
101900315,,0
101900320,,0
101900325,,0
101900330,,0
101900340,,0
101900350,,0
101900355,,0
101900360,,0
101900365,,0
101900380,,0
101900400,,0
101900410,,0
101900420,,0
101900430,,0
101900460,,0
101900470,,0
101900480,,0
101900500,,0
101900505,,0
101900509,,0
101900510,,0
101900515,,0
101900516,,0
101900520,,0
101900530,,0
101900531,,0
101900540,,0
101900550,,0
101900560,,0
101900561,,0
101900590,,0
101900591,,0
101900600,,0
101900605,,0
101900610,,0
101900630,,0
101900632,,0
101900635,,0
101900640,,0
101900642,,0
101900645,,0
101900650,,0
101900660,,0
101900665,,0
101900700,,0
101900705,,0
101900710,,0
101900730,,0
101900732,,0
101900735,,0
101900740,,0
101900742,,0
101900745,,0
101900750,,0
101900760,,0
101900765,,0
101900800,,0
101900805,,0
101900810,,0
101900815,,0
101900820,,0
101900825,,0
101900860,,0
101900865,,0
101900870,,0
101900875,,0
101900880,,0
101900885,,0
101900890,,0
101900895,,0
101901100,,0
101901105,,0
101901106,,0
101901110,,0
101901115,,0
101901116,,0
101901300,,0
101901305,,0
101901306,,0
101901310,,0
101901315,,0
101901316,,0
102000000,,0
102000010,,0
102000020,,0
102000030,,0
102000100,,0
102000105,,0
102000110,,0
102000115,,0
102000120,,0
102000125,,0
102000130,,0
102000140,,0
102000150,,0
102000155,,0
102000160,,0
102000165,,0
102000180,,0
102000200,,0
102000210,,0
102000220,,0
102000230,,0
102000300,,0
102000305,,0
102000310,,0
102000315,,0
102000320,,0
102000325,,0
102000330,,0
102000340,,0
102000350,,0
102000355,,0
102000360,,0
102000365,,0
102000380,,0
102000400,,0
102000410,,0
102000420,,0
102000430,,0
102000460,,0
102000470,,0
102000480,,0
102000500,,0
102000509,,0
102000510,,0
102000530,,0
102000550,,0
102000560,,0
102000590,,0
102000591,,0
102000600,,0
102000605,,0
102000610,,0
102000630,,0
102000632,,0
102000635,,0
102000650,,0
102000660,,0
102000700,,0
102000705,,0
102000710,,0
102000730,,0
102000732,,0
102000735,,0
102000750,,0
102000760,,0
102000800,,0
102000805,,0
102000810,,0
102000815,,0
102000820,,0
102000825,,0
102000860,,0
102000865,,0
102000870,,0
102000875,,0
102000880,,0
102000885,,0
102000890,,0
102000895,,0
102001900,,0
102001910,,0
102005100,,0
102005105,,0
102005106,,0
102005110,,0
102005115,,0
102005116,,0
102005300,,0
102005305,,0
102005306,,0
102005310,,0
102005315,,0
102005316,,0
102100000,,0
102100010,,0
102100020,,0
102100030,,0
102100040,,0
102100050,,0
102100100,,0
102100105,,0
102100110,,0
102100115,,0
102100120,,0
102100125,,0
102100130,,0
102100140,,0
102100150,,0
102100155,,0
102100160,,0
102100165,,0
102100180,,0
102100200,,0
102100203,,0
102100210,,0
102100213,,0
102100220,,0
102100230,,0
102100233,,0
102100240,,0
102100250,,0
102100253,,0
102100300,,0
102100303,,0
102100305,,0
102100308,,0
102100310,,0
102100313,,0
102100315,,0
102100318,,0
102100320,,0
102100323,,0
102100325,,0
102100328,,0
102100330,,0
102100333,,0
102100340,,0
102100343,,0
102100350,,0
102100353,,0
102100355,,0
102100358,,0
102100360,,0
102100363,,0
102100365,,0
102100368,,0
102100380,,0
102100381,,0
102100400,,0
102100410,,0
102100420,,0
102100430,,0
102100440,,0
102100450,,0
102100460,,0
102100470,,0
102100480,,0
102100500,,0
102100501,,0
102100505,,0
102100506,,0
102100509,,0
102100510,,0
102100511,,0
102100515,,0
102100516,,0
102100517,,0
102100520,,0
102100530,,0
102100531,,0
102100540,,0
102100550,,0
102100560,,0
102100561,,0
102100590,,0
102100591,,0
102100600,,0
102100605,,0
102100610,,0
102100630,,0
102100632,,0
102100635,,0
102100640,,0
102100642,,0
102100645,,0
102100650,,0
102100660,,0
102100665,,0
102100700,,0
102100705,,0
102100710,,0
102100730,,0
102100732,,0
102100735,,0
102100740,,0
102100742,,0
102100745,,0
102100750,,0
102100760,,0
102100765,,0
102100800,,0
102100805,,0
102100810,,0
102100815,,0
102100820,,0
102100825,,0
102100830,,0
102100835,,0
102100840,,0
102100845,,0
102100850,,0
102100855,,0
102100860,,0
102100865,,0
102100870,,0
102100875,,0
102100880,,0
102100885,,0
102100890,,0
102100895,,0
102101000,,0
102101010,,0
102101020,,0
102101030,,0
102101040,,0
102101050,,0
102101100,,0
102101105,,0
102101110,,0
102101115,,0
102101120,,0
102101125,,0
102101130,,0
102101140,,0
102101150,,0
102101155,,0
102101160,,0
102101165,,0
102101180,,0
102101200,,0
102101203,,0
102101210,,0
102101213,,0
102101220,,0
102101230,,0
102101233,,0
102101240,,0
102101250,,0
102101253,,0
102101300,,0
102101305,,0
102101308,,0
102101310,,0
102101315,,0
102101318,,0
102101320,,0
102101323,,0
102101325,,0
102101328,,0
102101330,,0
102101333,,0
102101340,,0
102101343,,0
102101350,,0
102101353,,0
102101355,,0
102101358,,0
102101360,,0
102101363,,0
102101365,,0
102101368,,0
102101380,,0
102101381,,0
102101400,,0
102101410,,0
102101420,,0
102101430,,0
102101440,,0
102101450,,0
102101600,,0
102101605,,0
102101610,,0
102101630,,0
102101632,,0
102101635,,0
102101640,,0
102101642,,0
102101645,,0
102101650,,0
102101660,,0
102101700,,0
102101705,,0
102101710,,0
102101730,,0
102101732,,0
102101735,,0
102101740,,0
102101742,,0
102101745,,0
102101750,,0
102101760,,0
102101800,,0
102101805,,0
102101810,,0
102101815,,0
102101820,,0
102101825,,0
102101830,,0
102101835,,0
102101840,,0
102101845,,0
102101850,,0
102101855,,0
102101860,,0
102101865,,0
102101870,,0
102101875,,0
102101880,,0
102101885,,0
102101890,,0
102101895,,0
102102100,,0
102102105,,0
102102106,,0
102102110,,0
102102115,,0
102102116,,0
102102300,,0
102102305,,0
102102306,,0
102102310,,0
102102311,,0
102102315,,0
102102316,,0
102102317,,0
102112000,,0
102112010,,0
102112020,,0
102112030,,0
102112040,,0
102112050,,0
102112100,,0
102112105,,0
102112110,,0
102112115,,0
102112120,,0
102112125,,0
102112130,,0
102112140,,0
102112150,,0
102112155,,0
102112160,,0
102112165,,0
102112180,,0
102112200,,0
102112203,,0
102112210,,0
102112213,,0
102112220,,0
102112230,,0
102112233,,0
102112240,,0
102112250,,0
102112253,,0
102112300,,0
102112305,,0
102112308,,0
102112310,,0
102112315,,0
102112318,,0
102112320,,0
102112323,,0
102112325,,0
102112328,,0
102112330,,0
102112333,,0
102112340,,0
102112343,,0
102112350,,0
102112353,,0
102112355,,0
102112358,,0
102112360,,0
102112363,,0
102112365,,0
102112368,,0
102112380,,0
102112381,,0
102112400,,0
102112410,,0
102112420,,0
102112430,,0
102112440,,0
102112450,,0
102112600,,0
102112605,,0
102112610,,0
102112630,,0
102112632,,0
102112635,,0
102112640,,0
102112642,,0
102112645,,0
102112650,,0
102112660,,0
102112700,,0
102112705,,0
102112710,,0
102112730,,0
102112732,,0
102112735,,0
102112740,,0
102112742,,0
102112745,,0
102112750,,0
102112760,,0
102112800,,0
102112805,,0
102112810,,0
102112815,,0
102112820,,0
102112825,,0
102112830,,0
102112835,,0
102112840,,0
102112845,,0
102112850,,0
102112855,,0
102112860,,0
102112865,,0
102112870,,0
102112875,,0
102112880,,0
102112885,,0
102112890,,0
102112895,,0
102113000,,0
102113010,,0
102113020,,0
102113030,,0
102113040,,0
102113050,,0
102113100,,0
102113105,,0
102113110,,0
102113115,,0
102113120,,0
102113125,,0
102113130,,0
102113140,,0
102113150,,0
102113155,,0
102113160,,0
102113165,,0
102113180,,0
102113200,,0
102113203,,0
102113210,,0
102113213,,0
102113220,,0
102113230,,0
102113233,,0
102113240,,0
102113250,,0
102113253,,0
102113300,,0
102113305,,0
102113308,,0
102113310,,0
102113315,,0
102113318,,0
102113320,,0
102113323,,0
102113325,,0
102113328,,0
102113330,,0
102113333,,0
102113340,,0
102113343,,0
102113350,,0
102113353,,0
102113355,,0
102113358,,0
102113360,,0
102113363,,0
102113365,,0
102113368,,0
102113380,,0
102113381,,0
102113400,,0
102113410,,0
102113420,,0
102113430,,0
102113440,,0
102113450,,0
102113600,,0
102113605,,0
102113610,,0
102113630,,0
102113632,,0
102113635,,0
102113640,,0
102113642,,0
102113645,,0
102113650,,0
102113660,,0
102113700,,0
102113705,,0
102113710,,0
102113730,,0
102113732,,0
102113735,,0
102113740,,0
102113742,,0
102113745,,0
102113750,,0
102113760,,0
102113800,,0
102113805,,0
102113810,,0
102113815,,0
102113820,,0
102113825,,0
102113830,,0
102113835,,0
102113840,,0
102113845,,0
102113850,,0
102113855,,0
102113860,,0
102113865,,0
102113870,,0
102113875,,0
102113880,,0
102113885,,0
102113890,,0
102113895,,0
102200000,,0
102200010,,0
102200020,,0
102200030,,0
102200040,,0
102200050,,0
102200100,,0
102200105,,0
102200110,,0
102200115,,0
102200120,,0
102200125,,0
102200130,,0
102200140,,0
102200141,,0
102200150,,0
102200155,,0
102200160,,0
102200165,,0
102200180,,0
102200200,,0
102200205,,0
102200210,,0
102200215,,0
102200220,,0
102200225,,0
102200230,,0
102200240,,0
102200245,,0
102200250,,0
102200255,,0
102200300,,0
102200305,,0
102200306,,0
102200310,,0
102200315,,0
102200316,,0
102200320,,0
102200321,,0
102200325,,0
102200326,,0
102200327,,0
102200330,,0
102200331,,0
102200340,,0
102200341,,0
102200350,,0
102200351,,0
102200355,,0
102200360,,0
102200361,,0
102200365,,0
102200380,,0
102200381,,0
102200400,,0
102200410,,0
102200420,,0
102200430,,0
102200440,,0
102200450,,0
102200460,,0
102200470,,0
102200480,,0
102200500,,0
102200501,,0
102200505,,0
102200506,,0
102200509,,0
102200510,,0
102200511,,0
102200515,,0
102200516,,0
102200517,,0
102200520,,0
102200530,,0
102200531,,0
102200540,,0
102200550,,0
102200560,,0
102200561,,0
102200590,,0
102200591,,0
102200600,,0
102200605,,0
102200610,,0
102200630,,0
102200632,,0
102200635,,0
102200640,,0
102200642,,0
102200645,,0
102200650,,0
102200660,,0
102200665,,0
102200700,,0
102200705,,0
102200710,,0
102200730,,0
102200732,,0
102200735,,0
102200740,,0
102200742,,0
102200745,,0
102200750,,0
102200760,,0
102200765,,0
102200800,,0
102200805,,0
102200810,,0
102200815,,0
102200820,,0
102200825,,0
102200830,,0
102200840,,0
102200845,,0
102200850,,0
102200855,,0
102200860,,0
102200865,,0
102200870,,0
102200875,,0
102200880,,0
102200885,,0
102200890,,0
102200895,,0
102200896,,0
102201100,,0
102201105,,0
102201110,,0
102201115,,0
102201150,,0
102201160,,0
102201300,,0
102201303,,0
102201305,,0
102201308,,0
102201310,,0
102201313,,0
102201315,,0
102201318,,0
102201350,,0
102201351,,0
102201360,,0
102201361,,0
102300000,,0
102300001,,0
102300002,,0
102300010,,0
102300020,,0
102300100,,0
102300105,,0
102300110,,0
102300115,,0
102300120,,0
102300125,,0
102300130,,0
102300140,,0
102300150,,0
102300155,,0
102300160,,0
102300165,,0
102300180,,0
102300200,,0
102300210,,0
102300220,,0
102300300,,0
102300305,,0
102300310,,0
102300315,,0
102300320,,0
102300325,,0
102300330,,0
102300331,,0
102300340,,0
102300350,,0
102300355,,0
102300360,,0
102300365,,0
102300380,,0
102300400,,0
102300410,,0
102300420,,0
102300460,,0
102300470,,0
102300480,,0
102300500,,0
102300501,,0
102300505,,0
102300509,,0
102300510,,0
102300511,,0
102300515,,0
102300516,,0
102300520,,0
102300530,,0
102300531,,0
102300540,,0
102300550,,0
102300560,,0
102300561,,0
102300590,,0
102300591,,0
102300600,,0
102300605,,0
102300610,,0
102300630,,0
102300632,,0
102300635,,0
102300640,,0
102300642,,0
102300645,,0
102300650,,0
102300660,,0
102300665,,0
102300700,,0
102300705,,0
102300710,,0
102300730,,0
102300732,,0
102300735,,0
102300740,,0
102300742,,0
102300745,,0
102300750,,0
102300760,,0
102300765,,0
102300800,,0
102300805,,0
102300810,,0
102300815,,0
102300820,,0
102300825,,0
102300860,,0
102300865,,0
102300870,,0
102300875,,0
102300880,,0
102300885,,0
102300890,,0
102300895,,0
102301100,,0
102301105,,0
102301300,,0
102301305,,0
102302100,,0
102302105,,0
102302110,,0
102302115,,0
102302300,,0
102302305,,0
102302310,,0
102302315,,0
102303100,,0
102303105,,0
102303110,,0
102303115,,0
102303300,,0
102303305,,0
102303310,,0
102303315,,0
102304100,,0
102304105,,0
102304110,,0
102304115,,0
102304300,,0
102304305,,0
102304310,,0
102304315,,0
102309100,,0
102309101,,0
102309102,,0
102309105,,0
102309106,,0
102309107,,0
102309110,,0
102309111,,0
102309112,,0
102309115,,0
102309116,,0
102309117,,0
102309300,,0
102309305,,0
102309310,,0
102309311,,0
102309312,,0
102309315,,0
102309316,,0
102309317,,0
102309630,,0
102309632,,0
102309635,,0
102309730,,0
102309732,,0
102309735,,0
102310100,,0
102310105,,0
102310110,,0
102310115,,0
102310300,,0
102310305,,0
102310310,,0
102310315,,0
102400000,,0
102400010,,0
102400020,,0
102400030,,0
102400100,,0
102400105,,0
102400110,,0
102400115,,0
102400120,,0
102400125,,0
102400130,,0
102400140,,0
102400150,,0
102400155,,0
102400160,,0
102400165,,0
102400180,,0
102400200,,0
102400210,,0
102400220,,0
102400230,,0
102400300,,0
102400305,,0
102400310,,0
102400315,,0
102400320,,0
102400325,,0
102400330,,0
102400340,,0
102400350,,0
102400355,,0
102400360,,0
102400365,,0
102400380,,0
102400400,,0
102400410,,0
102400420,,0
102400430,,0
102400460,,0
102400470,,0
102400480,,0
102400500,,0
102400505,,0
102400509,,0
102400510,,0
102400515,,0
102400516,,0
102400520,,0
102400530,,0
102400540,,0
102400550,,0
102400560,,0
102400590,,0
102400591,,0
102400600,,0
102400605,,0
102400610,,0
102400630,,0
102400632,,0
102400635,,0
102400640,,0
102400642,,0
102400645,,0
102400650,,0
102400660,,0
102400665,,0
102400700,,0
102400705,,0
102400710,,0
102400730,,0
102400732,,0
102400735,,0
102400740,,0
102400742,,0
102400745,,0
102400750,,0
102400760,,0
102400765,,0
103000000,,0
103000010,,0
103000020,,0
103000030,,0
103000100,,0
103000105,,0
103000110,,0
103000115,,0
103000120,,0
103000125,,0
103000130,,0
103000140,,0
103000150,,0
103000155,,0
103000160,,0
103000165,,0
103000180,,0
103000200,,0
103000210,,0
103000220,,0
103000230,,0
103000300,,0
103000305,,0
103000310,,0
103000315,,0
103000320,,0
103000325,,0
103000330,,0
103000340,,0
103000350,,0
103000355,,0
103000360,,0
103000365,,0
103000380,,0
103000400,,0
103000410,,0
103000420,,0
103000430,,0
103000460,,0
103000470,,0
103000480,,0
103000590,,0
103000591,,0
103000600,,0
103000605,,0
103000610,,0
103000630,,0
103000632,,0
103000635,,0
103000640,,0
103000642,,0
103000645,,0
103000650,,0
103000660,,0
103000665,,0
103000700,,0
103000705,,0
103000710,,0
103000730,,0
103000732,,0
103000735,,0
103000740,,0
103000742,,0
103000745,,0
103000750,,0
103000760,,0
103000765,,0
103001461,,0
103100000,,0
103100010,,0
103100020,,0
103100030,,0
103100100,,0
103100105,,0
103100110,,0
103100115,,0
103100120,,0
103100125,,0
103100130,,0
103100140,,0
103100150,,0
103100155,,0
103100160,,0
103100165,,0
103100180,,0
103100200,,0
103100210,,0
103100220,,0
103100230,,0
103100300,,0
103100305,,0
103100310,,0
103100315,,0
103100320,,0
103100325,,0
103100330,,0
103100340,,0
103100350,,0
103100355,,0
103100360,,0
103100365,,0
103100380,,0
103100400,,0
103100410,,0
103100420,,0
103100430,,0
103100460,,0
103100470,,0
103100480,,0
103100590,,0
103100591,,0
103100600,,0
103100605,,0
103100610,,0
103100630,,0
103100632,,0
103100635,,0
103100640,,0
103100642,,0
103100645,,0
103100650,,0
103100660,,0
103100665,,0
103100700,,0
103100705,,0
103100710,,0
103100730,,0
103100732,,0
103100735,,0
103100740,,0
103100742,,0
103100745,,0
103100750,,0
103100760,,0
103100765,,0
103200000,,0
103200001,,0
103200010,,0
103200020,,0
103200100,,0
103200105,,0
103200110,,0
103200115,,0
103200120,,0
103200121,,0
103200125,,0
103200130,,0
103200140,,0
103200150,,0
103200155,,0
103200160,,0
103200165,,0
103200180,,0
103200200,,0
103200210,,0
103200220,,0
103200300,,0
103200305,,0
103200310,,0
103200315,,0
103200320,,0
103200325,,0
103200330,,0
103200340,,0
103200350,,0
103200355,,0
103200360,,0
103200365,,0
103200380,,0
103200400,,0
103200410,,0
103200420,,0
103200460,,0
103200461,,0
103200470,,0
103200480,,0
103200590,,0
103200600,,0
103200605,,0
103200610,,0
103200630,,0
103200632,,0
103200635,,0
103200640,,0
103200642,,0
103200645,,0
103200650,,0
103200660,,0
103200665,,0
103200700,,0
103200705,,0
103200710,,0
103200730,,0
103200732,,0
103200735,,0
103200740,,0
103200742,,0
103200745,,0
103200750,,0
103200760,,0
103200765,,0
103300000,,0
103300010,,0
103300020,,0
103300150,,0
103300155,,0
103300160,,0
103300165,,0
103300200,,0
103300210,,0
103300220,,0
103300350,,0
103300355,,0
103300360,,0
103300365,,0
103300400,,0
103300410,,0
103300420,,0
103300470,,0
103300600,,0
103300605,,0
103300610,,0
103300700,,0
103300705,,0
103300710,,0
103390900,,0
103391900,,0
103391901,,0
103391902,,0
103400000,,0
103400010,,0
103400020,,0
103400150,,0
103400155,,0
103400160,,0
103400165,,0
103400200,,0
103400210,,0
103400220,,0
103400350,,0
103400355,,0
103400360,,0
103400365,,0
103400400,,0
103400410,,0
103400420,,0
103400470,,0
103400500,,0
103400600,,0
103400605,,0
103400610,,0
103400700,,0
103400705,,0
103400710,,0
103490900,,0
103490910,,0
103500470,,0
104000000,,0
104000100,,0
104000200,,0
104000300,,0
104000400,,0
104000410,,0
104000420,,0
104000430,,0
104000440,,0
104000450,,0
104000500,,0
104000510,,0
104000520,,0
104000530,,0
104000540,,0
104000580,,0
104000600,,0
104000610,,0
104000800,,0
104100000,,0
104100100,,0
104100200,,0
104100300,,0
104100400,,0
104100410,,0
104100420,,0
104100430,,0
104100440,,0
104100450,,0
104100500,,0
104100510,,0
104100520,,0
104100530,,0
104100540,,0
104100580,,0
104100600,,0
104100610,,0
104100800,,0
104200000,,0
104200100,,0
104200200,,0
104200300,,0
104200400,,0
104200410,,0
104200420,,0
104200430,,0
104200440,,0
104200450,,0
104200500,,0
104200510,,0
104200520,,0
104200530,,0
104200540,,0
104200580,,0
104200600,,0
104200605,,0
104200610,,0
104200630,,0
104200632,,0
104200635,,0
104200640,,0
104200642,,0
104200645,,0
104200650,,0
104200660,,0
104200665,,0
104200700,,0
104200705,,0
104200710,,0
104200730,,0
104200732,,0
104200735,,0
104200740,,0
104200742,,0
104200745,,0
104200750,,0
104200760,,0
104200765,,0
104300000,,0
104300100,,0
104300200,,0
104300300,,0
104300400,,0
104300410,,0
104300420,,0
104300430,,0
104300440,,0
104300450,,0
104300500,,0
104300510,,0
104300520,,0
104300530,,0
104300540,,0
104300580,,0
104300600,,0
104300610,,0
104300800,,0
104300801,,0
104400600,,0
104400605,,0
104400610,,0
104400630,,0
104400632,,0
104400635,,0
104400640,,0
104400642,,0
104400645,,0
104400650,,0
104400660,,0
104400665,,0
104400700,,0
104400705,,0
104400710,,0
104400730,,0
104400732,,0
104400735,,0
104400740,,0
104400742,,0
104400745,,0
104400750,,0
104400760,,0
104400765,,0
104400800,,0
104400801,,0
105000300,,0
105000310,,0
105000400,,0
105000810,,0
105000811,,0
105000815,,0
105000816,,0
105000820,,0
105000825,,0
105000830,,0
105000835,,0
105000840,,0
105000845,,0
105000850,,0
105000851,,0
105000855,,0
105000856,,0
105000870,,0
105000875,,0
105001300,,0
105001310,,0
105001400,,0
105001810,,0
105001811,,0
105001815,,0
105001816,,0
105001820,,0
105001825,,0
105001830,,0
105001835,,0
105001840,,0
105001845,,0
105001850,,0
105001851,,0
105001855,,0
105001856,,0
105001870,,0
105001875,,0
105002300,,0
105002310,,0
105002400,,0
105002810,,0
105002811,,0
105002815,,0
105002816,,0
105002820,,0
105002825,,0
105002830,,0
105002835,,0
105002840,,0
105002845,,0
105002850,,0
105002851,,0
105002855,,0
105002856,,0
105002870,,0
105002875,,0
105003300,,0
105003310,,0
105003400,,0
105003810,,0
105003811,,0
105003815,,0
105003816,,0
105003820,,0
105003825,,0
105003830,,0
105003835,,0
105003840,,0
105003845,,0
105003850,,0
105003851,,0
105003855,,0
105003856,,0
105003870,,0
105003875,,0
105004300,,0
105004310,,0
105004400,,0
105004810,,0
105004811,,0
105004815,,0
105004816,,0
105004820,,0
105004825,,0
105004830,,0
105004835,,0
105004840,,0
105004845,,0
105004850,,0
105004851,,0
105004855,,0
105004856,,0
105004870,,0
105004875,,0
105006300,,0
105006310,,0
105006400,,0
105006810,,0
105006811,,0
105006815,,0
105006816,,0
105006820,,0
105006825,,0
105006830,,0
105006835,,0
105006840,,0
105006845,,0
105006850,,0
105006851,,0
105006855,,0
105006856,,0
105006870,,0
105006875,,0
105008300,,0
105008310,,0
105008400,,0
105008810,,0
105008811,,0
105008815,,0
105008816,,0
105008820,,0
105008825,,0
105008830,,0
105008835,,0
105008840,,0
105008845,,0
105008850,,0
105008851,,0
105008855,,0
105008856,,0
105008870,,0
105008875,,0
105009300,,0
105009310,,0
105009400,,0
105009810,,0
105009811,,0
105009815,,0
105009816,,0
105009820,,0
105009825,,0
105009830,,0
105009835,,0
105009840,,0
105009845,,0
105009850,,0
105009851,,0
105009855,,0
105009856,,0
105009870,,0
105009875,,0
105010300,,0
105010310,,0
105010400,,0
105010810,,0
105010811,,0
105010815,,0
105010816,,0
105010820,,0
105010825,,0
105010830,,0
105010835,,0
105010840,,0
105010845,,0
105010850,,0
105010851,,0
105010855,,0
105010856,,0
105010870,,0
105010875,,0
105011300,,0
105011310,,0
105011400,,0
105011810,,0
105011811,,0
105011815,,0
105011816,,0
105011820,,0
105011825,,0
105011830,,0
105011835,,0
105011840,,0
105011845,,0
105011850,,0
105011851,,0
105011855,,0
105011856,,0
105011870,,0
105011875,,0
105013300,,0
105013310,,0
105013400,,0
105013810,,0
105013811,,0
105013815,,0
105013816,,0
105013820,,0
105013825,,0
105013830,,0
105013835,,0
105013840,,0
105013845,,0
105013850,,0
105013851,,0
105013855,,0
105013856,,0
105013870,,0
105013875,,0
105014300,,0
105014310,,0
105014400,,0
105014810,,0
105014811,,0
105014815,,0
105014816,,0
105014820,,0
105014825,,0
105014830,,0
105014835,,0
105014840,,0
105014845,,0
105014850,,0
105014851,,0
105014855,,0
105014856,,0
105014870,,0
105014875,,0
105015300,,0
105015310,,0
105015400,,0
105015810,,0
105015811,,0
105015815,,0
105015816,,0
105015820,,0
105015825,,0
105015830,,0
105015835,,0
105015840,,0
105015845,,0
105015850,,0
105015851,,0
105015855,,0
105015856,,0
105015870,,0
105015875,,0
105016300,,0
105016310,,0
105016400,,0
105016810,,0
105016811,,0
105016815,,0
105016816,,0
105016820,,0
105016825,,0
105016830,,0
105016835,,0
105016840,,0
105016845,,0
105016850,,0
105016851,,0
105016855,,0
105016856,,0
105016870,,0
105016875,,0
105017300,,0
105017310,,0
105017400,,0
105017810,,0
105017811,,0
105017815,,0
105017816,,0
105017820,,0
105017825,,0
105017830,,0
105017835,,0
105017840,,0
105017845,,0
105017850,,0
105017851,,0
105017855,,0
105017856,,0
105017870,,0
105017875,,0
105018300,,0
105018310,,0
105018400,,0
105018810,,0
105018811,,0
105018815,,0
105018816,,0
105018820,,0
105018825,,0
105018830,,0
105018835,,0
105018840,,0
105018845,,0
105018850,,0
105018851,,0
105018855,,0
105018856,,0
105018870,,0
105018875,,0
105019300,,0
105019310,,0
105019400,,0
105019810,,0
105019811,,0
105019815,,0
105019816,,0
105019820,,0
105019825,,0
105019830,,0
105019835,,0
105019840,,0
105019845,,0
105019850,,0
105019851,,0
105019855,,0
105019856,,0
105019870,,0
105019875,,0
105020300,,0
105020310,,0
105020400,,0
105020810,,0
105020811,,0
105020815,,0
105020816,,0
105020820,,0
105020825,,0
105020830,,0
105020835,,0
105020840,,0
105020845,,0
105020850,,0
105020851,,0
105020855,,0
105020856,,0
105020870,,0
105020875,,0
105021300,,0
105021310,,0
105021400,,0
105021810,,0
105021811,,0
105021815,,0
105021816,,0
105021820,,0
105021825,,0
105021830,,0
105021835,,0
105021840,,0
105021845,,0
105021850,,0
105021851,,0
105021855,,0
105021856,,0
105021870,,0
105021875,,0
105022300,,0
105022310,,0
105022400,,0
105022810,,0
105022811,,0
105022815,,0
105022816,,0
105022820,,0
105022825,,0
105022830,,0
105022835,,0
105022840,,0
105022845,,0
105022850,,0
105022851,,0
105022855,,0
105022856,,0
105022870,,0
105022875,,0
105023300,,0
105023310,,0
105023400,,0
105023810,,0
105023811,,0
105023815,,0
105023816,,0
105023820,,0
105023825,,0
105023830,,0
105023835,,0
105023840,,0
105023845,,0
105023850,,0
105023851,,0
105023855,,0
105023856,,0
105023870,,0
105023875,,0
105024300,,0
105024310,,0
105024400,,0
105024810,,0
105024811,,0
105024815,,0
105024816,,0
105024820,,0
105024825,,0
105024830,,0
105024835,,0
105024840,,0
105024845,,0
105024850,,0
105024851,,0
105024855,,0
105024856,,0
105024870,,0
105024875,,0
105025300,,0
105025310,,0
105025400,,0
105025810,,0
105025811,,0
105025815,,0
105025816,,0
105025820,,0
105025825,,0
105025830,,0
105025835,,0
105025840,,0
105025845,,0
105025850,,0
105025851,,0
105025855,,0
105025856,,0
105025870,,0
105025875,,0
105026300,,0
105026310,,0
105026400,,0
105026810,,0
105026811,,0
105026815,,0
105026816,,0
105026820,,0
105026825,,0
105026830,,0
105026835,,0
105026840,,0
105026845,,0
105026850,,0
105026851,,0
105026855,,0
105026856,,0
105026870,,0
105026875,,0
105027300,,0
105027310,,0
105027400,,0
105027810,,0
105027811,,0
105027815,,0
105027816,,0
105027820,,0
105027825,,0
105027830,,0
105027835,,0
105027840,,0
105027845,,0
105027850,,0
105027851,,0
105027855,,0
105027856,,0
105027870,,0
105027875,,0
105028300,,0
105028310,,0
105028400,,0
105028810,,0
105028811,,0
105028815,,0
105028816,,0
105028820,,0
105028825,,0
105028830,,0
105028835,,0
105028840,,0
105028845,,0
105028850,,0
105028851,,0
105028855,,0
105028856,,0
105028870,,0
105028875,,0
105029300,,0
105029310,,0
105029400,,0
105029810,,0
105029811,,0
105029815,,0
105029816,,0
105029820,,0
105029825,,0
105029830,,0
105029835,,0
105029840,,0
105029845,,0
105029850,,0
105029851,,0
105029855,,0
105029856,,0
105029870,,0
105029875,,0
105030300,,0
105030310,,0
105030400,,0
105030810,,0
105030811,,0
105030815,,0
105030816,,0
105030820,,0
105030825,,0
105030830,,0
105030835,,0
105030840,,0
105030845,,0
105030850,,0
105030851,,0
105030855,,0
105030856,,0
105030870,,0
105030875,,0
105031300,,0
105031310,,0
105031400,,0
105031810,,0
105031811,,0
105031815,,0
105031816,,0
105031820,,0
105031825,,0
105031830,,0
105031835,,0
105031840,,0
105031845,,0
105031850,,0
105031851,,0
105031855,,0
105031856,,0
105031870,,0
105031875,,0
105032300,,0
105032310,,0
105032400,,0
105032810,,0
105032811,,0
105032815,,0
105032816,,0
105032820,,0
105032825,,0
105032830,,0
105032835,,0
105032840,,0
105032845,,0
105032850,,0
105032851,,0
105032855,,0
105032856,,0
105032870,,0
105032875,,0
105033300,,0
105033310,,0
105033400,,0
105033810,,0
105033811,,0
105033815,,0
105033816,,0
105033820,,0
105033825,,0
105033830,,0
105033835,,0
105033840,,0
105033845,,0
105033850,,0
105033851,,0
105033855,,0
105033856,,0
105033870,,0
105033875,,0
105034300,,0
105034310,,0
105034400,,0
105034810,,0
105034811,,0
105034815,,0
105034816,,0
105034820,,0
105034825,,0
105034830,,0
105034835,,0
105034840,,0
105034845,,0
105034850,,0
105034851,,0
105034855,,0
105034856,,0
105034870,,0
105034875,,0
105035300,,0
105035310,,0
105035400,,0
105035810,,0
105035811,,0
105035815,,0
105035816,,0
105035820,,0
105035825,,0
105035830,,0
105035835,,0
105035840,,0
105035845,,0
105035850,,0
105035851,,0
105035855,,0
105035856,,0
105035870,,0
105035875,,0
105100300,,0
105100850,,0
105100851,,0
105100855,,0
105100856,,0
105100870,,0
105100875,,0
105100881,,0
105100886,,0
105101300,,0
105101850,,0
105101851,,0
105101855,,0
105101856,,0
105101870,,0
105101875,,0
105101881,,0
105101886,,0
105102300,,0
105102850,,0
105102851,,0
105102855,,0
105102856,,0
105102870,,0
105102875,,0
105102881,,0
105102886,,0
105103300,,0
105103850,,0
105103851,,0
105103855,,0
105103856,,0
105103870,,0
105103875,,0
105103881,,0
105103886,,0
105104300,,0
105104850,,0
105104851,,0
105104855,,0
105104856,,0
105104870,,0
105104875,,0
105104881,,0
105104886,,0
105105300,,0
105105850,,0
105105851,,0
105105855,,0
105105856,,0
105105870,,0
105105875,,0
105105881,,0
105105886,,0
105106300,,0
105106850,,0
105106851,,0
105106855,,0
105106856,,0
105106870,,0
105106875,,0
105106881,,0
105106886,,0
105200300,,0
105200310,,0
105200320,,0
105200321,,0
105200322,,0
105200323,,0
105200324,,0
105200330,,0
105200400,,0
105200410,,0
105200420,,0
105200421,,0
105200422,,0
105200423,,0
105200424,,0
105200430,,0
105201300,,0
105201310,,0
105201320,,0
105201321,,0
105201322,,0
105201323,,0
105201324,,0
105201330,,0
105201400,,0
105201410,,0
105201420,,0
105201421,,0
105201422,,0
105201423,,0
105201424,,0
105201430,,0
105202300,,0
105202310,,0
105202320,,0
105202321,,0
105202322,,0
105202323,,0
105202324,,0
105202330,,0
105202400,,0
105202410,,0
105202420,,0
105202421,,0
105202422,,0
105202423,,0
105202424,,0
105202430,,0
105203300,,0
105203310,,0
105203320,,0
105203321,,0
105203322,,0
105203323,,0
105203324,,0
105203330,,0
105203400,,0
105203410,,0
105203420,,0
105203421,,0
105203422,,0
105203423,,0
105203424,,0
105203430,,0
105204300,,0
105204310,,0
105204320,,0
105204321,,0
105204322,,0
105204323,,0
105204324,,0
105204330,,0
105204400,,0
105204410,,0
105204420,,0
105204421,,0
105204422,,0
105204423,,0
105204424,,0
105204430,,0
105205300,,0
105205310,,0
105205320,,0
105205321,,0
105205322,,0
105205323,,0
105205324,,0
105205330,,0
105205400,,0
105205410,,0
105205420,,0
105205421,,0
105205422,,0
105205423,,0
105205424,,0
105205430,,0
105206300,,0
105206310,,0
105206320,,0
105206321,,0
105206322,,0
105206323,,0
105206324,,0
105206330,,0
105206400,,0
105206410,,0
105206420,,0
105206421,,0
105206422,,0
105206423,,0
105206424,,0
105206430,,0
105207300,,0
105207310,,0
105207320,,0
105207321,,0
105207322,,0
105207323,,0
105207324,,0
105207330,,0
105207400,,0
105207410,,0
105207420,,0
105207421,,0
105207422,,0
105207423,,0
105207424,,0
105207430,,0
105208300,,0
105208310,,0
105208320,,0
105208321,,0
105208322,,0
105208323,,0
105208324,,0
105208330,,0
105208400,,0
105208410,,0
105208420,,0
105208421,,0
105208422,,0
105208423,,0
105208424,,0
105208430,,0
105209300,,0
105209310,,0
105209320,,0
105209321,,0
105209322,,0
105209323,,0
105209324,,0
105209330,,0
105209400,,0
105209410,,0
105209420,,0
105209421,,0
105209422,,0
105209423,,0
105209424,,0
105209430,,0
105210300,,0
105210310,,0
105210320,,0
105210321,,0
105210322,,0
105210323,,0
105210324,,0
105210330,,0
105210400,,0
105210410,,0
105210420,,0
105210421,,0
105210422,,0
105210423,,0
105210424,,0
105210430,,0
105211300,,0
105211310,,0
105211320,,0
105211321,,0
105211322,,0
105211323,,0
105211324,,0
105211330,,0
105211400,,0
105211410,,0
105211420,,0
105211421,,0
105211422,,0
105211423,,0
105211424,,0
105211430,,0
105212300,,0
105212310,,0
105212320,,0
105212321,,0
105212322,,0
105212323,,0
105212324,,0
105212330,,0
105212400,,0
105212410,,0
105212420,,0
105212421,,0
105212422,,0
105212423,,0
105212424,,0
105212430,,0
105213300,,0
105213310,,0
105213320,,0
105213321,,0
105213322,,0
105213323,,0
105213324,,0
105213330,,0
105213400,,0
105213410,,0
105213420,,0
105213421,,0
105213422,,0
105213423,,0
105213424,,0
105213430,,0
105214300,,0
105214310,,0
105214320,,0
105214321,,0
105214322,,0
105214323,,0
105214324,,0
105214330,,0
105214400,,0
105214410,,0
105214420,,0
105214421,,0
105214422,,0
105214423,,0
105214424,,0
105214430,,0
105215300,,0
105215310,,0
105215320,,0
105215321,,0
105215322,,0
105215323,,0
105215324,,0
105215330,,0
105215400,,0
105215410,,0
105215420,,0
105215421,,0
105215422,,0
105215423,,0
105215424,,0
105215430,,0
105216300,,0
105216310,,0
105216320,,0
105216321,,0
105216322,,0
105216323,,0
105216324,,0
105216330,,0
105216400,,0
105216410,,0
105216420,,0
105216421,,0
105216422,,0
105216423,,0
105216424,,0
105216430,,0
105217300,,0
105217310,,0
105217320,,0
105217321,,0
105217322,,0
105217323,,0
105217324,,0
105217330,,0
105217400,,0
105217410,,0
105217420,,0
105217421,,0
105217422,,0
105217423,,0
105217424,,0
105217430,,0
105218300,,0
105218310,,0
105218320,,0
105218321,,0
105218322,,0
105218323,,0
105218324,,0
105218330,,0
105218400,,0
105218410,,0
105218420,,0
105218421,,0
105218422,,0
105218423,,0
105218424,,0
105218430,,0
105219300,,0
105219310,,0
105219320,,0
105219321,,0
105219322,,0
105219323,,0
105219324,,0
105219330,,0
105219400,,0
105219410,,0
105219420,,0
105219421,,0
105219422,,0
105219423,,0
105219424,,0
105219430,,0
105300300,,0
105300310,,0
105301300,,0
105301310,,0
105302300,,0
105302310,,0
105303300,,0
105303310,,0
109999000,,0
109999010,,0
109999020,,0
109999030,,0
109999100,,0
109999105,,0
109999110,,0
109999115,,0
109999120,,0
109999125,,0
109999130,,0
109999140,,0
109999150,,0
109999155,,0
109999160,,0
109999165,,0
109999200,,0
109999210,,0
109999220,,0
109999230,,0
109999300,,0
109999303,,0
109999305,,0
109999305,,0
109999310,,0
109999313,,0
109999315,,0
109999318,,0
109999320,,0
109999325,,0
109999330,,0
109999340,,0
109999350,,0
109999355,,0
109999360,,0
109999365,,0
109999400,,0
109999410,,0
109999420,,0
109999460,,0
109999470,,0
300000000,,0
300000001,,0
300000010,,0
300000011,,0
300000012,,0
300000013,,0
300000015,,0
300000020,,0
300000021,,0
300000022,,0
300000025,,0
300000026,,0
300000027,,0
300000028,,0
300000040,,0
300000041,,0
300000042,,0
300000043,,0
300000045,,0
300000046,,0
300000050,,0
300000051,,0
300000055,,0
300000056,,0
300000061,,0
300000062,,0
300000063,,0
300000064,,0
300000065,,0
300000075,,0
300000076,,0
300000080,,0
300000085,,0
300000086,,0
300000095,,0
300000100,,0
300000102,,0
300000103,,0
300000105,,0
300000120,,0
300000121,,0
300000125,,0
300000126,,0
300000130,,0
300000131,,0
300000135,,0
300000140,,0
300000145,,0
300000150,,0
300000151,,0
300000160,,0
300000161,,0
300000162,,0
300000165,,0
300000169,,0
300000170,,0
300000171,,0
300000172,,0
300000173,,0
300000174,,0
300000175,,0
300000176,,0
300000177,,0
300000178,,0
300000179,,0
300000180,,0
300000181,,0
300000185,,0
300000186,,0
300000187,,0
300000188,,0
300000189,,0
300000190,,0
300000191,,0
300000192,,0
300000193,,0
300000194,,0
300000195,,0
300000196,,0
300000210,,0
300000211,,0
300000212,,0
300000213,,0
300000220,,0
300000221,,0
300000222,,0
300000225,,0
300000226,,0
300000227,,0
300000230,,0
300000231,,0
300000232,,0
300000235,,0
300000236,,0
300000237,,0
300000240,,0
300000241,,0
300000242,,0
300000245,,0
300000246,,0
300000247,,0
300000250,,0
300000251,,0
300000252,,0
300000255,,0
300000256,,0
300000257,,0
300000260,,0
300000261,,0
300000262,,0
300000270,,0
300000271,,0
300000272,,0
300000273,,0
300000274,,0
300000275,,0
300000276,,0
300000277,,0
300000278,,0
300000279,,0
300000280,,0
300000281,,0
300000290,,0
300000295,,0
300000300,,0
300000301,,0
300000302,,0
300000305,,0
300000306,,0
300000310,,0
300000311,,0
300000312,,0
300000313,,0
300000315,,0
300000316,,0
300000317,,0
300000318,,0
300000320,,0
300000321,,0
300000322,,0
300000323,,0
300000325,,0
300000326,,0
300000327,,0
300000328,,0
300000330,,0
300000331,,0
300000332,,0
300000333,,0
300000340,,0
300000341,,0
300000342,,0
300000343,,0
300000350,,0
300000351,,0
300000370,,0
300000371,,0
300000372,,0
300000380,,0
300000410,,0
300000411,,0
300000412,,0
300000413,,0
300000415,,0
300000416,,0
300000430,,0
300000431,,0
300000432,,0
300000433,,0
300000440,,0
300000450,,0
300000455,,0
300000460,,0
300000461,,0
300000462,,0
300000463,,0
300000465,,0
300000470,,0
300000471,,0
300000472,,0
300000475,,0
300000476,,0
300000477,,0
300000480,,0
300000481,,0
300000482,,0
300000485,,0
300000486,,0
300000487,,0
300000490,,0
300000491,,0
300000492,,0
300000495,,0
300000496,,0
300000497,,0
300000500,,0
300000501,,0
300000502,,0
300000503,,0
300000504,,0
300000505,,0
300000506,,0
300000507,,0
300000508,,0
300000509,,0
300000510,,0
300000520,,0
300000530,,0
300000531,,0
300000532,,0
300000533,,0
300000535,,0
300000536,,0
300000537,,0
300000538,,0
300000540,,0
300000541,,0
300000542,,0
300000545,,0
300000546,,0
300000547,,0
300000550,,0
300000551,,0
300000552,,0
300000553,,0
300000554,,0
300000555,,0
300000556,,0
300000557,,0
300000558,,0
300000560,,0
300000561,,0
300000565,,0
300000566,,0
300000570,,0
300000571,,0
300000572,,0
300000573,,0
300000575,,0
300000576,,0
300000577,,0
300000578,,0
300000580,,0
300000581,,0
300000582,,0
300000583,,0
300000590,,0
300000591,,0
300000595,,0
300000600,,0
300000601,,0
300000602,,0
300000605,,0
300000606,,0
300000607,,0
300000610,,0
300000620,,0
300000621,,0
300000622,,0
300000623,,0
300000630,,0
300000631,,0
300000632,,0
300000633,,0
300000634,,0
300000635,,0
300000636,,0
300000637,,0
300000638,,0
300000640,,0
300000641,,0
300000642,,0
300000643,,0
300000644,,0
300000645,,0
300000646,,0
300000647,,0
300000648,,0
300000649,,0
300000650,,0
300000651,,0
300000652,,0
300000653,,0
300000654,,0
300000655,,0
300000656,,0
300000657,,0
300000658,,0
300000659,,0
300000660,,0
300000670,,0
300000671,,0
300000680,,0
300000681,,0
300000685,,0
300000690,,0
300000695,,0
300000700,,0
300000701,,0
300000705,,0
300000706,,0
300000710,,0
300000711,,0
300000715,,0
300000716,,0
300000720,,0
300000730,,0
300000731,,0
300000732,,0
300000735,,0
300000736,,0
300000750,,0
300000755,,0
300000756,,0
300000760,,0
300000761,,0
300000762,,0
300000770,,0
300000771,,0
300000772,,0
300000775,,0
300000776,,0
300000777,,0
300000780,,0
300000781,,0
300000782,,0
300000783,,0
300000785,,0
300000786,,0
300000787,,0
300000788,,0
300000790,,0
300000791,,0
300000795,,0
300000796,,0
300000800,,0
300000801,,0
300000802,,0
300000805,,0
300000806,,0
300000810,,0
300000811,,0
300000812,,0
300000813,,0
300000815,,0
300000816,,0
300000818,,0
300000820,,0
300000830,,0
300000831,,0
300000832,,0
300000833,,0
300000834,,0
300000835,,0
300000836,,0
300000837,,0
300000838,,0
300000839,,0
300000840,,0
300000841,,0
300000845,,0
300000850,,0
300000851,,0
300000852,,0
300000853,,0
300000854,,0
300000855,,0
300000856,,0
300000857,,0
300000860,,0
300000861,,0
300000865,,0
300000866,,0
300000870,,0
300000871,,0
300000880,,0
300000881,,0
300000882,,0
300000883,,0
300000884,,0
300000885,,0
300000890,,0
300000891,,0
300000895,,0
300000896,,0
300000950,,0
300000951,,0
300000952,,0
300000953,,0
300000954,,0
300000955,,0
300000956,,0
300000957,,0
300000958,,0
300000959,,0
300000960,,0
300000961,,0
300000962,,0
300000963,,0
300000964,,0
300000965,,0
300000966,,0
300000967,,0
300000968,,0
300000969,,0
300000980,,0
300000981,,0
300000982,,0
300000983,,0
300000984,,0
300000985,,0
300000986,,0
300000987,,0
300000988,,0
300000989,,0
300000990,,0
300000991,,0
300000992,,0
300000993,,0
300100310,,0
300100311,,0
300100312,,0
300100313,,0
300100315,,0
300100316,,0
300100317,,0
300100318,,0
300100530,,0
300100531,,0
300100532,,0
300100533,,0
300100535,,0
300100536,,0
300100537,,0
300100538,,0
300100540,,0
300100541,,0
300100542,,0
300100545,,0
300100546,,0
300100547,,0
300101900,,0
300101905,,0
300104900,,0
300104901,,0
300104902,,0
300104905,,0
300104906,,0
300104907,,0
300104910,,0
300104911,,0
300104912,,0
300107900,,0
300107901,,0
300107905,,0
300107906,,0
300107910,,0
300107911,,0
300107912,,0
300116900,,0
300116905,,0
300200950,,0
300200951,,0
300200952,,0
300200953,,0
300200954,,0
300200955,,0
300200956,,0
300200957,,0
300200958,,0
300200959,,0
300200960,,0
300200961,,0
300200962,,0
300200963,,0
300200964,,0
300200965,,0
300200966,,0
300200967,,0
300200968,,0
300200969,,0
300200980,,0
300200981,,0
300200982,,0
300200983,,0
300200984,,0
300200985,,0
300200986,,0
300200987,,0
300200988,,0
300200989,,0
300200990,,0
300200991,,0
300200992,,0
300200993,,0
300204900,,0
300204901,,0
300205900,,0
300205901,,0
300205902,,0
300207900,,0
300211900,,0
300211901,,0
300211905,,0
300211906,,0
300211907,,0
300211908,,0
300214900,,0
300214905,,0
300214906,,0
300214907,,0
300214908,,0
300214909,,0
300214910,,0
300214920,,0
300214925,,0
300214926,,0
300214930,,0
300215900,,0
300215901,,0
300215902,,0
300215903,,0
300215905,,0
300215906,,0
300215907,,0
300215908,,0
300216900,,0
300216905,,0
300216906,,0
300216910,,0
300216911,,0
300216912,,0
300216915,,0
300216916,,0
300300950,,0
300300951,,0
300300952,,0
300300953,,0
300300954,,0
300300955,,0
300300956,,0
300300958,,0
300300960,,0
300300961,,0
300300962,,0
300300963,,0
300300964,,0
300300965,,0
300300966,,0
300300968,,0
300300980,,0
300300981,,0
300300982,,0
300300983,,0
300300984,,0
300300985,,0
300300986,,0
300300987,,0
300300988,,0
300300989,,0
300300990,,0
300300991,,0
300300992,,0
300300993,,0
300302900,,0
300302901,,0
300302905,,0
300302950,,0
300302951,,0
300302952,,0
300302953,,0
300302954,,0
300302955,,0
300302956,,0
300302958,,0
300302960,,0
300302961,,0
300302962,,0
300302963,,0
300302964,,0
300302965,,0
300302966,,0
300302968,,0
300303900,,0
300303901,,0
300303902,,0
300303903,,0
300303904,,0
300306900,,0
300306905,,0
300306906,,0
300306907,,0
300306910,,0
300306915,,0
300306920,,0
300306925,,0
300308900,,0
300308901,,0
300308905,,0
300309900,,0
300309901,,0
300309902,,0
300309903,,0
300309904,,0
300309905,,0
300309906,,0
300309907,,0
300309908,,0
300310900,,0
300310901,,0
300310905,,0
300310906,,0
300310907,,0
300310908,,0
300310909,,0
300310910,,0
300310911,,0
300310912,,0
300310913,,0
300310914,,0
300310915,,0
300310916,,0
300310917,,0
300310918,,0
300310919,,0
300310920,,0
300310921,,0
300310922,,0
300310923,,0
300310924,,0
300310925,,0
300310926,,0
300310927,,0
300310928,,0
300310929,,0
300310930,,0
300310931,,0
300310932,,0
300310933,,0
300310934,,0
300310935,,0
300310936,,0
300310937,,0
300310938,,0
300310939,,0
300310940,,0
300310941,,0
300310942,,0
300310943,,0
300310944,,0
300310945,,0
300310946,,0
300310947,,0
300310948,,0
300310949,,0
300310950,,0
300310951,,0
300310952,,0
300310953,,0
300310954,,0
300310955,,0
300310956,,0
300310957,,0
300310958,,0
300310959,,0
300310960,,0
300310961,,0
300310962,,0
300310963,,0
300310964,,0
300310965,,0
300310966,,0
300310967,,0
300310968,,0
300310969,,0
300310970,,0
300310971,,0
300310972,,0
300310973,,0
300310974,,0
300310975,,0
300310976,,0
300310977,,0
300310978,,0
300310979,,0
300310980,,0
300310981,,0
300310982,,0
300310983,,0
300310984,,0
300310985,,0
300310986,,0
300310987,,0
300310988,,0
300310989,,0
300310990,,0
300310991,,0
300310992,,0
300310993,,0
300310994,,0
300311900,,0
300311901,,0
300314900,,0
300314901,,0
300314902,,0
300314903,,0
300314904,,0
300314905,,0
300315900,,0
300315901,,0
300315902,,0
300315903,,0
300315905,,0
300315906,,0
300315907,,0
300315908,,0
300317900,,0
300317905,,0
300317906,,0
300317910,,0
300317911,,0
300317912,,0
300317915,,0
300317916,,0
300319900,,0
300400950,,0
300400951,,0
300400952,,0
300400953,,0
300400954,,0
300400955,,0
300400956,,0
300400958,,0
300400960,,0
300400961,,0
300400962,,0
300400963,,0
300400964,,0
300400965,,0
300400966,,0
300400968,,0
300400980,,0
300400981,,0
300400982,,0
300400983,,0
300400984,,0
300400985,,0
300400986,,0
300400987,,0
300400988,,0
300400989,,0
300400990,,0
300400991,,0
300400992,,0
300400993,,0
300403900,,0
300403901,,0
300403905,,0
300404900,,0
300404901,,0
300404905,,0
300404910,,0
300404911,,0
300404915,,0
300405900,,0
300405901,,0
300405902,,0
300405903,,0
300405904,,0
300405910,,0
300405911,,0
300405915,,0
300405920,,0
300405921,,0
300405925,,0
300405926,,0
300405927,,0
300405928,,0
300405930,,0
300405931,,0
300405935,,0
300405936,,0
300405940,,0
300405941,,0
300405945,,0
300405946,,0
300405950,,0
300405951,,0
300405955,,0
300405956,,0
300405960,,0
300405961,,0
300406900,,0
300406905,,0
300406910,,0
300406911,,0
300406915,,0
300407900,,0
300408900,,0
300408901,,0
300408905,,0
300408906,,0
300408907,,0
300408910,,0
300408911,,0
300601900,,0
300601901,,0
300602900,,0
300602901,,0
300602902,,0
300602903,,0
300602905,,0
300602906,,0
300602907,,0
300602908,,0
300700035,,0
300700036,,0
300700037,,0
300700110,,0
300700111,,0
300700500,,0
300700501,,0
300700502,,0
300700503,,0
300700504,,0
300700505,,0
300700506,,0
300700507,,0
300700508,,0
300700509,,0
300700510,,0
300700950,,0
300700951,,0
300700952,,0
300700953,,0
300700954,,0
300700955,,0
300700956,,0
300700957,,0
300700958,,0
300700959,,0
300700960,,0
300700961,,0
300700962,,0
300700963,,0
300700964,,0
300700965,,0
300700966,,0
300700967,,0
300700968,,0
300700969,,0
300700980,,0
300700981,,0
300700982,,0
300700983,,0
300700984,,0
300700985,,0
300700986,,0
300700987,,0
300700988,,0
300700989,,0
300700990,,0
300700991,,0
300700992,,0
300700993,,0
300702900,,0
300702901,,0
300703900,,0
300703901,,0
300703902,,0
300703903,,0
300703904,,0
300703905,,0
300703906,,0
300703907,,0
300707900,,0
300707901,,0
300707902,,0
300707905,,0
300710900,,0
300710901,,0
300710905,,0
300800950,,0
300800951,,0
300800952,,0
300800953,,0
300800954,,0
300800955,,0
300800956,,0
300800958,,0
300800960,,0
300800961,,0
300800962,,0
300800963,,0
300800964,,0
300800965,,0
300800966,,0
300800968,,0
300800980,,0
300800981,,0
300800982,,0
300800983,,0
300800984,,0
300800985,,0
300800986,,0
300800987,,0
300800988,,0
300800989,,0
300800990,,0
300800991,,0
300800992,,0
300800993,,0
300801900,,0
300801901,,0
300801902,,0
300803900,,0
300803901,,0
300803902,,0
300803903,,0
300803904,,0
300803905,,0
300803906,,0
300803907,,0
300804900,,0
300804901,,0
300804905,,0
300804906,,0
300805900,,0
300805901,,0
300805902,,0
300805903,,0
300805904,,0
300810900,,0
300810905,,0
300810906,,0
300810907,,0
300810908,,0
300810910,,0
300810911,,0
300900950,,0
300900951,,0
300900952,,0
300900953,,0
300900954,,0
300900955,,0
300900956,,0
300900957,,0
300900958,,0
300900959,,0
300900960,,0
300900961,,0
300900962,,0
300900963,,0
300900964,,0
300900965,,0
300900966,,0
300900967,,0
300900968,,0
300900969,,0
300900980,,0
300900981,,0
300900982,,0
300900983,,0
300900984,,0
300900985,,0
300900986,,0
300900987,,0
300900988,,0
300900989,,0
300900990,,0
300900991,,0
300900992,,0
300900993,,0
300902900,,0
300902901,,0
300902902,,0
300902903,,0
300902904,,0
300902905,,0
300902906,,0
300902907,,0
300902908,,0
300902909,,0
300902910,,0
300902911,,0
300902912,,0
300902913,,0
300902914,,0
300902915,,0
300902916,,0
300902917,,0
300902918,,0
300902920,,0
300905900,,0
300905901,,0
300905905,,0
300905906,,0
300906900,,0
300906901,,0
300906902,,0
300906903,,0
300906904,,0
300906905,,0
300906910,,0
300906911,,0
300906912,,0
300906913,,0
300906914,,0
300906915,,0
300907900,,0
300907901,,0
300907902,,0
300907903,,0
300907904,,0
300907905,,0
300907906,,0
300907907,,0
300907908,,0
300907909,,0
300907910,,0
300907911,,0
300907912,,0
300907913,,0
300907914,,0
300907915,,0
300907916,,0
300907917,,0
300907918,,0
300910900,,0
300910901,,0
300910902,,0
300999900,,0
300999901,,0
300999902,,0
300999903,,0
300999904,,0
300999905,,0
300999910,,0
300999911,,0
300999912,,0
300999913,,0
300999914,,0
300999915,,0
301000441,,0
301000442,,0
301000443,,0
301000444,,0
301000490,,0
301000491,,0
301000492,,0
301000495,,0
301000496,,0
301000497,,0
301000950,,0
301000951,,0
301000952,,0
301000953,,0
301000954,,0
301000955,,0
301000956,,0
301000957,,0
301000958,,0
301000959,,0
301000960,,0
301000961,,0
301000962,,0
301000963,,0
301000964,,0
301000965,,0
301000966,,0
301000967,,0
301000968,,0
301000969,,0
301000980,,0
301000981,,0
301000982,,0
301000983,,0
301000984,,0
301000985,,0
301000986,,0
301000987,,0
301000988,,0
301000989,,0
301000990,,0
301000991,,0
301000992,,0
301000993,,0
301005900,,0
301005901,,0
301005902,,0
301005903,,0
301005904,,0
301005910,,0
301005915,,0
301005916,,0
301005917,,0
301005918,,0
301005919,,0
301005920,,0
301005921,,0
301005925,,0
301005926,,0
301006900,,0
301100500,,0
301100501,,0
301100502,,0
301100503,,0
301100504,,0
301100505,,0
301100506,,0
301100507,,0
301100508,,0
301100509,,0
301100510,,0
301100950,,0
301100951,,0
301100952,,0
301100953,,0
301100954,,0
301100955,,0
301100956,,0
301100957,,0
301100958,,0
301100959,,0
301100960,,0
301100961,,0
301100962,,0
301100963,,0
301100964,,0
301100965,,0
301100966,,0
301100967,,0
301100968,,0
301100969,,0
301100980,,0
301100981,,0
301100982,,0
301100983,,0
301100984,,0
301100985,,0
301100986,,0
301100987,,0
301100988,,0
301100989,,0
301100990,,0
301100991,,0
301100992,,0
301100993,,0
301110900,,0
301110901,,0
301112900,,0
301112901,,0
301112905,,0
301112906,,0
301113900,,0
301113901,,0
301113905,,0
301113906,,0
301115900,,0
301115901,,0
301115910,,0
301115911,,0
301115912,,0
301115913,,0
301115915,,0
301116900,,0
301117900,,0
301200900,,0
301200901,,0
301200902,,0
301200950,,0
301200951,,0
301200952,,0
301200953,,0
301200954,,0
301200955,,0
301200956,,0
301200958,,0
301200960,,0
301200961,,0
301200962,,0
301200963,,0
301200964,,0
301200965,,0
301200966,,0
301200968,,0
301200980,,0
301200981,,0
301200982,,0
301200983,,0
301200984,,0
301200985,,0
301200986,,0
301200987,,0
301200988,,0
301200989,,0
301200990,,0
301200991,,0
301200992,,0
301200993,,0
301201900,,0
301201901,,0
301201905,,0
301202900,,0
301202901,,0
301216900,,0
301216901,,0
301216902,,0
301217900,,0
301217901,,0
301217902,,0
301217905,,0
301217910,,0
301217911,,0
301217912,,0
301217913,,0
301217914,,0
301217920,,0
301217921,,0
301217922,,0
301217925,,0
301217930,,0
301300500,,0
301300501,,0
301300502,,0
301300503,,0
301300504,,0
301300505,,0
301300506,,0
301300507,,0
301300508,,0
301300509,,0
301300510,,0
301300950,,0
301300951,,0
301300952,,0
301300953,,0
301300954,,0
301300955,,0
301300956,,0
301300957,,0
301300958,,0
301300959,,0
301300960,,0
301300961,,0
301300962,,0
301300963,,0
301300964,,0
301300965,,0
301300966,,0
301300967,,0
301300968,,0
301300969,,0
301300980,,0
301300981,,0
301300982,,0
301300983,,0
301300984,,0
301300985,,0
301300986,,0
301300987,,0
301300988,,0
301300989,,0
301300990,,0
301300991,,0
301300992,,0
301300993,,0
301301900,,0
301301901,,0
301301905,,0
301302900,,0
301302901,,0
301302902,,0
301302903,,0
301302904,,0
301302905,,0
301400500,,0
301400501,,0
301400502,,0
301400503,,0
301400504,,0
301400505,,0
301400506,,0
301400507,,0
301400508,,0
301400509,,0
301400510,,0
301400950,,0
301400951,,0
301400952,,0
301400953,,0
301400954,,0
301400955,,0
301400956,,0
301400957,,0
301400958,,0
301400959,,0
301400960,,0
301400961,,0
301400962,,0
301400963,,0
301400964,,0
301400965,,0
301400966,,0
301400967,,0
301400968,,0
301400969,,0
301400980,,0
301400981,,0
301400982,,0
301400983,,0
301400984,,0
301400985,,0
301400986,,0
301400987,,0
301400988,,0
301400989,,0
301400990,,0
301400991,,0
301400992,,0
301400993,,0
301412900,,0
301412901,,0
301412902,,0
301412903,,0
301412904,,0
301412910,,0
301412911,,0
301412940,,0
301412945,,0
301414900,,0
301414901,,0
301414902,,0
301414905,,0
301414906,,0
301414907,,0
301414910,,0
301414911,,0
301414912,,0
301414915,,0
301414916,,0
301414920,,0
301414921,,0
301414925,,0
301414926,,0
301414930,,0
301414931,,0
301414935,,0
301414936,,0
301414940,,0
301414941,,0
301500950,,0
301500951,,0
301500952,,0
301500953,,0
301500954,,0
301500955,,0
301500956,,0
301500958,,0
301500960,,0
301500961,,0
301500962,,0
301500963,,0
301500964,,0
301500965,,0
301500966,,0
301500968,,0
301500980,,0
301500981,,0
301500982,,0
301500983,,0
301500984,,0
301500985,,0
301500986,,0
301500987,,0
301500988,,0
301500989,,0
301500990,,0
301500991,,0
301500992,,0
301500993,,0
301504900,,0
301504905,,0
301504906,,0
301504907,,0
301504908,,0
301504910,,0
301504915,,0
301504916,,0
301504917,,0
301504918,,0
301504920,,0
301504925,,0
301504926,,0
301504927,,0
301504928,,0
301504930,,0
301504935,,0
301504940,,0
301511900,,0
301600441,,0
301600442,,0
301600443,,0
301600444,,0
301600731,,0
301600732,,0
301600735,,0
301600736,,0
301600950,,0
301600951,,0
301600952,,0
301600953,,0
301600954,,0
301600955,,0
301600956,,0
301600958,,0
301600960,,0
301600961,,0
301600962,,0
301600963,,0
301600964,,0
301600965,,0
301600966,,0
301600968,,0
301600980,,0
301600981,,0
301600982,,0
301600983,,0
301600984,,0
301600985,,0
301600986,,0
301600987,,0
301600988,,0
301600989,,0
301600990,,0
301600991,,0
301600992,,0
301600993,,0
301602900,,0
301602901,,0
301604900,,0
301604901,,0
301604902,,0
301604903,,0
301604905,,0
301612900,,0
301612905,,0
301612906,,0
301612907,,0
301612908,,0
301612909,,0
301612910,,0
301612911,,0
301612915,,0
301700441,,0
301700442,,0
301700443,,0
301700444,,0
301700950,,0
301700951,,0
301700952,,0
301700953,,0
301700954,,0
301700955,,0
301700956,,0
301700958,,0
301700960,,0
301700961,,0
301700962,,0
301700963,,0
301700964,,0
301700965,,0
301700966,,0
301700968,,0
301700980,,0
301700981,,0
301700982,,0
301700983,,0
301700984,,0
301700985,,0
301700986,,0
301700987,,0
301700988,,0
301700989,,0
301700990,,0
301700991,,0
301700992,,0
301700993,,0
301702900,,0
301702905,,0
301702910,,0
301702915,,0
301702920,,0
301702925,,0
301702930,,0
301703900,,0
301703901,,0
301703905,,0
301703950,,0
301703951,,0
301703955,,0
301703970,,0
301703971,,0
301703975,,0
301705900,,0
301705901,,0
301705902,,0
301705905,,0
301705906,,0
301705907,,0
301705920,,0
301705925,,0
301711900,,0
301711905,,0
301711906,,0
301711910,,0
301711915,,0
301711916,,0
301711920,,0
301711925,,0
301711926,,0
301711935,,0
301711940,,0
301711945,,0
301800441,,0
301800442,,0
301800443,,0
301800444,,0
301800950,,0
301800951,,0
301800952,,0
301800953,,0
301800954,,0
301800955,,0
301800956,,0
301800958,,0
301800960,,0
301800961,,0
301800962,,0
301800963,,0
301800964,,0
301800965,,0
301800966,,0
301800968,,0
301800980,,0
301800981,,0
301800982,,0
301800983,,0
301800984,,0
301800985,,0
301800986,,0
301800987,,0
301800988,,0
301800989,,0
301800990,,0
301800991,,0
301800992,,0
301800993,,0
301804900,,0
301810900,,0
301810905,,0
301810906,,0
301810910,,0
301810911,,0
301811901,,0
301900441,,0
301900442,,0
301900443,,0
301900444,,0
301900950,,0
301900951,,0
301900952,,0
301900953,,0
301900954,,0
301900955,,0
301900956,,0
301900958,,0
301900960,,0
301900961,,0
301900962,,0
301900963,,0
301900964,,0
301900965,,0
301900966,,0
301900968,,0
301900980,,0
301900981,,0
301900982,,0
301900983,,0
301900984,,0
301900985,,0
301900986,,0
301900987,,0
301900988,,0
301900989,,0
301900990,,0
301900991,,0
301900992,,0
301900993,,0
301902900,,0
301902901,,0
301902902,,0
301902905,,0
301902910,,0
301902911,,0
301902912,,0
301902915,,0
301902920,,0
301902921,,0
301902922,,0
301902925,,0
301906900,,0
301906901,,0
301906902,,0
301906905,,0
301906906,,0
302003900,,0
302003901,,0
302003902,,0
302003903,,0
302003904,,0
302003905,,0
302003906,,0
302003910,,0
302003911,,0
302003912,,0
302003913,,0
302003914,,0
302006900,,0
302006901,,0
302006902,,0
302006903,,0
302006904,,0
302006910,,0
302006911,,0
302006912,,0
302006913,,0
302006914,,0
302100950,,0
302100951,,0
302100952,,0
302100953,,0
302100954,,0
302100955,,0
302100956,,0
302100957,,0
302100958,,0
302100959,,0
302100960,,0
302100961,,0
302100962,,0
302100963,,0
302100964,,0
302100965,,0
302100966,,0
302100967,,0
302100968,,0
302100969,,0
302100980,,0
302100981,,0
302100982,,0
302100983,,0
302100984,,0
302100985,,0
302100986,,0
302100987,,0
302100988,,0
302100989,,0
302100990,,0
302100991,,0
302100992,,0
302100993,,0
302100994,,0
302100995,,0
302100996,,0
302100997,,0
302106900,,0
302106901,,0
302106902,,0
302106903,,0
302106904,,0
302106905,,0
302106906,,0
302106910,,0
302112900,,0
302112901,,0
302112902,,0
302112903,,0
302112904,,0
302112905,,0
302112906,,0
302112907,,0
302112908,,0
302112909,,0
302112910,,0
302112911,,0
302112912,,0
302112913,,0
302112914,,0
302112915,,0
302112916,,0
302112917,,0
302112918,,0
302112919,,0
302113900,,0
302113905,,0
302200950,,0
302200951,,0
302200952,,0
302200953,,0
302200954,,0
302200955,,0
302200956,,0
302200957,,0
302200958,,0
302200959,,0
302200960,,0
302200961,,0
302200962,,0
302200963,,0
302200964,,0
302200965,,0
302200966,,0
302200967,,0
302200968,,0
302200969,,0
302200980,,0
302200981,,0
302200982,,0
302200983,,0
302200984,,0
302200985,,0
302200986,,0
302200987,,0
302200988,,0
302200989,,0
302200990,,0
302200991,,0
302200992,,0
302200993,,0
302200994,,0
302200995,,0
302200996,,0
302200997,,0
302300950,,0
302300951,,0
302300952,,0
302300953,,0
302300954,,0
302300955,,0
302300956,,0
302300958,,0
302300960,,0
302300961,,0
302300962,,0
302300963,,0
302300964,,0
302300965,,0
302300966,,0
302300968,,0
302300980,,0
302300981,,0
302300982,,0
302300983,,0
302300984,,0
302300985,,0
302300986,,0
302300987,,0
302300988,,0
302300989,,0
302300990,,0
302300991,,0
302300992,,0
302300993,,0
302301900,,0
302301905,,0
302305900,,0
302305905,,0
302305910,,0
302305915,,0
302305920,,0
302305925,,0
302305930,,0
302305935,,0
302305936,,0
302305937,,0
302305938,,0
302305940,,0
302306900,,0
302306901,,0
302307900,,0
302307901,,0
302307902,,0
302307905,,0
302307906,,0
302308900,,0
302308905,,0
302308906,,0
302308907,,0
302308908,,0
302308909,,0
302308915,,0
302308920,,0
302308925,,0
302309900,,0
302309901,,0
302309902,,0
302309903,,0
302309904,,0
302309905,,0
302309906,,0
302309907,,0
302404900,,0
302404901,,0
303020900,,0
303020901,,0
303208900,,0
303208901,,0
303208905,,0
303208906,,0
303215900,,0
303215901,,0
303216900,,0
303216901,,0
303216902,,0
303309900,,0
303309901,,0
303309902,,0
303309905,,0
303309906,,0
303309907,,0
400000000,,0
400000001,,0
400000002,,0
400000003,,0
400000004,,0
400000005,,0
400000006,,0
400000007,,0
400000008,,0
400000009,,0
400000010,,0
400000011,,0
400000012,,0
400000013,,0
400000014,,0
400000015,,0
400000016,,0
400000017,,0
400000018,,0
400000019,,0
400000020,,0
500000000,,0
500000001,,0
500000002,,0
500000003,,0
500000004,,0
500000005,,0
500000006,,0
500000007,,0
500000008,,0
999999999,,0
