Row ID,Row Name,Unk9
101002,,370400104
101003,,473000117
101004,,473000118
101005,,473000119
101006,,473000120
101007,,473000121
101008,,473000106
290000,,468000110
290001,,468000112
2040121,,204000104
2040122,,204000104
2040125,,204000104
2040126,,204000104
2040127,,204000104
2040140,,204000109
2040141,,204000109
2040142,,204000110
2040180,,204000104
2041140,,381000101
2100290,,210000117
2100300,,210000117
2100310,,210000117
2130160,,213000104
2130165,,213000105
2130595,,213000124
2130596,,213000124
3050400,,495000134
3050410,,495000134
3310500,,331000101
3310501,,331000102
3664181,,366400101
3810190,,381000101
3810191,,381000101
3810300,,381000101
3810301,,381000101
3810310,,381000101
3810311,,381000101
3810312,,381000101
3810320,,381000101
3810330,,381000101
3810331,,381000101
3810332,,381000101
3810333,,381000101
3810334,,381000101
3810335,,381000101
3810400,,381000101
3810410,,381000101
3810420,,381000101
3810430,,381000101
4201130,,420100101
4201132,,420100102
4201140,,420100111
4201143,,420100112
4201144,,420100112
4201145,,420100112
4201146,,420100113
4201200,,420100101
4201202,,420100102
4201210,,420100111
4201213,,420100112
4201214,,420100112
4201215,,420100112
4201216,,420100113
4220220,,422000101
4220221,,422000102
4240400,,424000101
4240401,,424000102
4240402,,424000103
4241400,,424000101
4241401,,424000102
4241402,,424000103
4280140,,428000101
4280141,,428000102
4280142,,428000103
4280143,,428000104
4310930,,370200012
4340200,,434000103
4341200,,434000103
4350550,,438300101
4350670,,473000106
4420200,,442000101
4420210,,442000102
4420220,,442000103
4420230,,442000104
4420240,,442000105
4460000,,446000101
4460010,,446000102
4460020,,446000103
4460980,,446000104
4460981,,446000105
4460982,,446000106
4460983,,446000107
4460984,,446000108
4660330,,466000104
4660331,,466000104
4760054,,476000111
8100001,,681005
8101100,,810100101
8101110,,810100101
8101120,,810100101
10308000,Wraith Calling Bell,400000104
