Row ID,Row Name,Itemlot ID 2
0,,-1
1,,-1
100,,-1
540,,-1
541,,-1
542,,-1
1000,,-1
9999,,-1
1000000,,-1
1002000,,-1
1100000,,-1
1200000,,-1
1200100,,-1
1300000,,-1
10000000,,-1
10000100,,-1
10001000,,-1
10003000,,-1
10004000,,-1
10005000,,-1
10006000,,-1
10006050,,-1
10100000,,-1
20100000,Blaidd the Half-Wolf,-1
20101000,Blaidd the Half-Wolf,-1
20107500,Blaidd the Half-Wolf,-1
20108000,,-1
20108500,Baleful Shadow,-1
20108562,Baleful Shadow,-1
20109000,Blaidd the Half-Wolf,-1
20109010,Blaidd the Half-Wolf,-1
20109020,Blaidd the Half-Wolf,-1
20109040,Blaidd the Half-Wolf,-1
20109064,Blaidd the Half-Wolf,-1
20109110,Blaidd the Half-Wolf,-1
20109120,Blaidd the Half-Wolf,111500
20109140,Blaidd the Half-Wolf,-1
20109210,Blaidd the Half-Wolf,-1
20109240,Blaidd the Half-Wolf,-1
20109310,Blaidd the Half-Wolf,-1
20109410,Blaidd the Half-Wolf,-1
20300000,Rennala, Queen of the Full Moon,-1
20300024,Rennala, Queen of the Full Moon,-1
20300100,Rennala, Queen of the Full Moon,-1
20300124,Rennala, Queen of the Full Moon,-1
20310000,Rennala, Queen of the Full Moon,-1
20310024,Rennala, Queen of the Full Moon,-1
20310100,Rennala, Queen of the Full Moon,-1
20310124,Rennala, Queen of the Full Moon,-1
20400000,,-1
20400024,,-1
20401000,,-1
20401024,,-1
20402000,,-1
20402024,,-1
20402100,,-1
20402124,,-1
20402200,,-1
20402224,,-1
20403000,,-1
20403024,,-1
20404000,,-1
20404024,,-1
20410000,,-1
20410040,,-1
20410056,,-1
20500000,Ranni the Witch,-1
20500010,Renna the Witch,-1
20500020,Ranni the Witch,-1
20500100,Ranni the Witch,-1
20500122,Ranni the Witch,-1
20500178,Ranni the Witch,-1
20501000,Ranni the Witch,-1
20501022,Ranni the Witch,-1
20501100,Ranni the Witch,-1
20501122,Ranni the Witch,-1
20510000,,-1
20600000,The Two Fingers,-1
20600079,The Two Fingers,-1
21000000,,-1
21000034,,-1
21000052,,-1
21000735,,-1
21000820,,-1
21000830,,-1
21000930,,-1
21001000,,-1
21001010,,-1
21002000,,-1
21002922,,-1
21009000,,-1
21009020,,-1
21100000,,-1
21100072,,-1
21101000,,-1
21101072,,-1
21102000,,-1
21109000,Gurranq, Beast Clergyman,-1
21109042,Gurranq, Beast Clergyman,112300
21200000,,-1
21200056,,-1
21201000,,-1
21201100,,-1
21202000,,-1
21202056,,-1
21203000,,-1
21203056,,-1
21209000,,-1
21300000,,-1
21300014,,-1
21300033,,-1
21300500,,-1
21300534,,-1
21310000,,-1
21310034,,-1
21400000,,-1
21400012,,-1
21400030,,-1
21400034,,-1
21400035,,-1
21400090,,-1
21400100,,-1
21400114,,-1
21400120,,-1
21400130,,-1
21400135,,-1
21400200,,-1
21400235,,-1
21400300,,-1
21400335,,-1
21400400,,-1
21400435,,-1
21400600,,-1
21400633,,-1
21400900,,-1
21400930,,-1
21401000,,-1
21401030,,-1
21401035,,-1
21401100,,-1
21401120,,-1
21401130,,-1
21401135,,-1
21401200,,-1
21401235,,-1
21401300,,-1
21401335,,-1
21401400,,-1
21401435,,-1
21401600,,-1
21401900,,-1
21401930,,-1
21403000,,-1
21403050,,-1
21403100,,-1
21403150,,-1
21409000,,-1
21500000,,-1
21500052,,-1
21500064,,-1
21500300,,-1
21500352,,-1
21500400,,-1
21500452,,-1
21500500,,-1
21500552,,-1
21500600,,-1
21500652,,-1
21600000,,-1
21601000,,-1
21601010,,-1
21601012,,-1
21601020,,-1
21601030,,-1
21601033,,-1
21601040,,-1
21601050,,-1
21601066,,-1
21700000,,-1
21700079,,-1
21701000,,-1
21800000,,-1
21801000,,-1
21801034,,-1
21803000,,-1
21809000,,-1
21900000,,-1
21900078,,-1
21910000,,-1
22000000,,-1
22000078,,-1
22700000,,-1
22700010,,-1
22700012,,-1
22700013,,-1
22700032,,-1
22700033,,-1
22700064,,-1
22700100,,-1
22700210,,-1
22710000,,-1
22710010,,-1
22710012,,-1
22710013,,-1
22710030,,-1
22710032,,-1
22710033,,-1
22710040,,-1
22710060,,-1
22710064,,-1
22710065,,-1
22720000,,-1
22720020,,-1
22720100,,-1
22720112,,-1
22730000,,-1
22730020,,-1
22740000,,-1
22740020,,-1
22740021,,-1
22740024,,-1
22740052,,-1
22740120,,-1
22750000,,-1
22750020,,-1
22750024,,-1
22750052,,-1
22750120,,-1
22751000,,-1
22751024,,-1
22760000,,-1
22760020,,-1
22760033,,-1
22770000,,-1
22770020,,-1
22770033,,-1
25000000,,-1
25000010,,-1
25000014,,-1
25000030,,-1
25000034,,-1
25000042,,-1
25000065,,-1
25000100,,-1
25000165,,-1
25000172,,-1
25000865,,-1
25000933,,-1
25000941,,-1
25001000,,-1
25001034,,-1
25001065,,-1
25001066,,-1
25001100,,-1
25001134,,-1
25001165,,-1
25001933,,-1
25006000,,-1
25006020,,-1
25006100,,-1
25006120,,-1
25007000,,-1
25007020,,-1
25007100,,-1
25007120,,-1
25009000,,-1
25009038,,-1
25009138,,-1
30000000,,-1
30000006,,-1
30000014,,-1
30000034,,-1
30000100,,-1
30000106,,-1
30000114,,-1
30000134,,-1
30000200,,-1
30000214,,-1
30000300,,-1
30000600,,-1
30000614,,-1
30000700,,-1
30000714,,-1
30000800,,-1
30000814,,-1
30000834,,-1
30001000,,-1
30001014,,-1
30001034,,-1
30001100,,-1
30001114,,-1
30001200,,-1
30001214,,-1
30001300,,-1
30001314,,-1
30002000,,-1
30002014,,-1
30002034,,-1
30003000,,-1
30003014,,-1
30003034,,-1
30003200,,-1
30003214,,-1
30003500,,-1
30003514,,-1
30004000,,-1
30004007,,-1
30004051,,-1
30004100,,-1
30004107,,-1
30004151,,-1
30004200,,-1
30004251,,-1
30004300,,-1
30004351,,-1
30005000,,-1
30005007,,-1
30005051,,-1
30006000,,-1
30006051,,-1
30007000,,-1
30007051,,-1
30008000,,-1
30008040,,-1
30100000,,-1
30100014,,-1
30100034,,-1
30100100,,-1
30100114,,-1
30100134,,-1
30100140,,-1
30100172,,-1
30100200,,-1
30100214,,-1
30100234,,-1
30100400,,-1
30100451,,-1
30100500,,-1
30100507,,-1
30100600,,-1
30100651,,-1
30100800,,-1
30100814,,-1
30101000,,-1
30101034,,-1
30101100,,-1
30101134,,-1
30101140,,-1
30101172,,-1
30101200,,-1
30101234,,-1
30101400,,-1
30101451,,-1
30101500,,-1
30101600,,-1
30101651,,-1
30102000,,-1
30102014,,-1
30102034,,-1
30102100,,-1
30102134,,-1
30102172,,-1
30102200,,-1
30102234,,-1
30102400,,-1
30102451,,-1
30102500,,-1
30102507,,-1
30102600,,-1
30102651,,-1
30106000,,-1
30106051,,-1
30107000,,-1
30107051,,-1
30108000,,-1
30200000,,-1
30200014,,-1
30200034,,-1
30200100,,-1
30200151,,-1
30208000,,-1
30208040,,-1
30500000,,-1
30500051,,-1
30500100,,-1
30500140,,-1
30509999,,-1
30600000,,-1
30600020,,-1
30600030,,-1
30600040,,-1
30600050,,-1
30601000,,-1
30601020,,-1
30601030,,-1
30601040,,-1
30601050,,-1
30610000,,-1
30610072,,-1
30611000,,-1
30611072,,-1
30700000,,-1
30700030,,-1
30700032,,-1
30701000,,-1
30701030,,-1
30701032,,-1
30702000,,-1
30702030,,-1
30703000,,-1
30703030,,-1
30704000,,-1
30704030,,-1
30800000,,-1
30800007,,-1
30800010,,-1
30800012,,-1
30800020,,-1
30800030,,-1
30800032,,-1
30800033,,-1
30800034,,-1
30800035,,-1
30800040,,-1
30800042,,-1
30800050,,-1
30800052,,-1
30800100,,-1
30800110,,-1
30800830,,-1
30800852,,-1
30800912,,-1
30801000,,-1
30801010,,-1
30801012,,-1
30801020,,-1
30801032,,-1
30801033,,-1
30801034,,-1
30801035,,-1
30801040,,-1
30801042,,-1
30801100,,-1
30801120,,-1
30801133,,-1
30801150,,-1
30801200,,-1
30801232,,-1
30801233,,-1
30802000,,-1
30802010,,-1
30802012,,-1
30802030,,-1
30802032,,-1
30802033,,-1
30802034,,-1
30802035,,-1
30806000,,-1
30806007,,-1
30806012,,-1
30806020,,-1
30806030,,-1
30806032,,-1
30806033,,-1
30806034,,-1
30806035,,-1
30806040,,-1
30806042,,-1
30806050,,-1
30806052,,-1
30807000,,-1
30808000,,-1
31000000,,-1
31000010,,-1
31000020,,-1
31000033,,-1
31000042,,-1
31000931,,-1
31500000,,-1
31500010,,-1
31500020,,-1
31500032,,-1
31500040,,-1
31500042,,-1
31500050,,-1
31500052,,-1
31501000,,-1
31501012,,-1
31501030,,-1
31501040,,-1
31501052,,-1
31600000,,-1
31600010,,-1
31600012,,-1
31600020,,-1
31600030,,-1
31600032,,-1
31600040,,-1
31600042,,-1
31600050,,-1
31600052,,-1
31700000,,-1
31700052,,-1
31701000,,-1
31701052,,-1
31709000,,-1
31709020,,114100
31709052,,-1
31710000,,-1
31710052,,-1
31800000,,-1
31800020,,-1
31800021,,-1
31800052,,-1
31809000,,-1
31809020,,-1
31810000,,-1
31810020,,-1
31810022,,-1
31810052,,-1
31810065,,-1
31811000,,-1
31811024,,-1
31811032,,-1
31811052,,-1
32000000,,-1
32000010,,110410
32000012,,-1
32000020,,110410
32000030,,-1
32000032,,-1
32000034,,110410
32000035,,110410
32000110,,110410
32000120,,110410
32000134,,110410
32000135,,110410
32000210,,-1
32000220,,110410
32000234,,110410
32001010,,-1
32001110,,119000
32001210,,119005
32001310,,119010
32001412,,119015
32001520,,119020
32001612,,119025
32001720,,119030
32001820,,119035
32001933,,119040
32002030,,119045
32002132,,119050
32002240,,119055
32002340,,119060
32002542,,119070
32002650,,119075
32002764,,119080
32002860,,119085
32002968,,119090
32003010,,119005
32008010,,-1
32008900,,-1
32009000,,-1
32009100,,-1
32009200,,-1
32009210,,-1
32009300,,-1
32009400,,-1
32009500,,-1
32009600,,-1
32009700,,-1
32009800,,-1
32009900,,-1
32009910,,-1
32010000,,-1
32010035,,-1
32020000,,-1
32020035,,110410
32100000,,-1
32100010,,-1
32100012,,-1
32100030,,-1
32100032,,-1
32100210,,-1
32101010,,-1
32101110,,-1
32101210,,-1
32101310,,-1
32101412,,-1
32101520,,-1
32101612,,-1
32101720,,-1
32101820,,-1
32101933,,-1
32102030,,-1
32102132,,-1
32102240,,-1
32102340,,-1
32102542,,-1
32102650,,-1
32102764,,-1
32102860,,-1
32102968,,-1
32103010,,-1
32108900,,-1
32109000,,-1
32109010,,-1
32109100,,-1
32109200,,-1
32109300,,-1
32109400,,-1
32109500,,-1
32109600,,-1
32109700,,-1
32109800,,-1
32109810,,-1
32109900,,-1
32500000,,-1
32500033,,-1
32500070,,-1
32500072,,-1
32510000,,-1
32510010,,-1
32510030,,-1
32510034,,-1
32510070,,-1
32511000,,-1
32511030,,-1
32520000,,-1
32520054,,-1
32520100,,-1
32520921,,-1
33000000,,-1
33000062,,-1
33000820,,-1
33000900,,-1
33000940,,-1
33001000,,-1
33001062,,-1
33001065,,-1
33001100,,-1
33001940,,-1
33002000,,-1
33002062,,-1
33002065,,-1
33200000,,-1
33200062,,-1
33200100,,-1
33200162,,-1
33200200,,-1
33200262,,-1
33200265,,-1
33201000,,-1
33201052,,-1
33201062,,-1
33201065,,-1
33201100,,-1
33201165,,-1
33202000,,-1
33202062,,-1
33202100,,-1
33202200,,-1
33202262,,-1
33209000,,-1
33209010,,-1
33300000,,-1
33300040,,-1
33300042,,-1
33300062,,-1
33300065,,-1
33300100,,-1
33300162,,-1
33300262,,-1
33300600,,-1
33300662,,-1
33300665,,-1
33300700,,-1
33300762,,-1
33300800,,-1
33300862,,-1
33500000,,-1
33500022,,-1
33500154,,-1
33500500,,-1
33500556,,-1
33500920,,-1
33500930,,-1
33500940,,-1
33501000,,-1
33501020,,-1
33501022,,-1
33501154,,-1
33501500,,-1
33501556,,-1
33501920,,-1
33501930,,-1
33501940,,-1
33502000,,-1
33502154,,-1
33502500,,-1
33502556,,-1
33502920,,-1
33502940,,-1
33507000,,-1
33507100,,-1
33507200,,-1
33507300,,-1
33509000,,-1
33509161,,-1
33509264,,-1
33600000,,-1
33600020,,-1
33600062,,-1
33600064,,-1
33600065,,-1
33600100,,-1
33600200,,-1
33600264,,-1
33600265,,-1
33600300,,-1
33600500,,-1
33600520,,-1
33600564,,-1
33600565,,-1
33600600,,-1
33600700,,-1
33600764,,-1
33600765,,-1
33601000,,-1
33601064,,-1
33601065,,-1
33601100,,-1
33601200,,-1
33601264,,-1
33601265,,-1
33601300,,-1
33601365,,-1
33602000,,-1
33602064,,-1
33602065,,-1
33602100,,-1
33602200,,-1
33602264,,-1
33602265,,-1
33602300,,-1
33602352,,-1
33602365,,-1
33605000,,-1
33605064,,-1
33605200,,-1
33605264,,-1
33605500,,-1
33605564,,-1
33605700,,-1
33605764,,-1
33606000,,-1
33606064,,-1
33606200,,-1
33606264,,-1
33607000,,-1
33607064,,-1
33607200,,-1
33607264,,-1
33610000,,-1
33610062,,-1
33610200,,-1
33610300,,-1
33610500,,-1
33610562,,-1
33610700,,-1
33611000,,-1
33611062,,-1
33611200,,-1
33611300,,-1
33612000,,-1
33612062,,-1
33612200,,-1
33612300,,-1
33700000,,-1
33700052,,-1
33700064,,-1
33700065,,-1
33700100,,-1
33700200,,-1
33700265,,-1
33700865,,-1
33710000,,-1
33710062,,-1
33710100,,-1
34000000,,-1
34000030,,-1
34000034,,-1
34000040,,-1
34000100,,-1
34000200,,-1
34000252,,-1
34000254,,-1
34000256,,-1
34000300,,-1
34000800,,-1
34000852,,-1
34000900,,-1
34000940,,-1
34000952,,-1
34001000,,-1
34001034,,-1
34001100,,-1
34001110,,-1
34001133,,-1
34001200,,-1
34001252,,-1
34001254,,-1
34001256,,-1
34001300,,-1
34001800,,-1
34001852,,-1
34500000,,-1
34500012,,-1
34500013,,-1
34500030,,-1
34500034,,-1
34500054,,-1
34500100,,-1
34501000,,-1
34501012,,-1
34501013,,-1
34501020,,-1
34501030,,-1
34501034,,-1
34501052,,-1
34501054,,-1
34501100,,-1
34501354,,-1
34502000,,-1
34502012,,-1
34502030,,-1
34502054,,-1
34502100,,-1
34502354,,-1
34509000,,-1
34509100,,-1
34510000,,-1
34510012,,-1
34510013,,-1
34510030,,-1
34510034,,-1
34510052,,-1
34510054,,-1
34510100,,-1
34510179,,-1
34510200,,-1
34510354,,-1
34510912,,-1
34519000,,-1
34519020,,-1
34600000,,-1
34600012,,-1
34600034,,-1
34600054,,-1
34600354,,-1
34600913,,-1
34600930,,-1
34600941,,-1
34601000,,-1
34601952,,-1
34700000,,-1
34700020,,-1
34700100,,-1
34700120,,-1
34700200,,-1
34700268,,-1
34700300,,-1
34700352,,-1
34700400,,-1
34700452,,-1
34701000,,-1
34701020,,-1
34701100,,-1
34701120,,-1
34701200,,-1
34701300,,-1
34701400,,-1
34701468,,-1
34701500,,-1
34701552,,-1
34701600,,-1
34701652,,-1
34702000,,-1
34702100,,-1
34702120,,-1
34702200,,-1
34702300,,-1
34702320,,-1
34702400,,-1
34702468,,-1
34702500,,-1
34702552,,-1
34703000,,-1
34703020,,-1
34703068,,-1
34703100,,-1
34703200,,-1
34703252,,-1
34704000,,-1
34704020,,-1
34704100,,-1
34704120,,-1
34704200,,-1
34704268,,-1
34704300,,-1
34704352,,-1
34715000,,-1
34715100,,-1
34715120,,-1
34715200,,-1
34715268,,-1
34715300,,-1
34715352,,-1
35000000,,-1
35000010,,-1
35000012,,-1
35000014,,-1
35000020,,-1
35000030,,-1
35000032,,-1
35000034,,-1
35000040,,-1
35000050,,-1
35000100,,-1
35000172,,-1
35000300,,-1
35000330,,-1
35000400,,-1
35000500,,-1
35000700,,-1
35000733,,-1
35001000,,-1
35001010,,-1
35001012,,-1
35001014,,-1
35001030,,-1
35001032,,-1
35001040,,-1
35001050,,-1
35001100,,-1
35001172,,-1
35001700,,-1
35001733,,-1
35002000,,-1
35002010,,-1
35002012,,-1
35002020,,-1
35002032,,-1
35002040,,-1
35002050,,-1
35002100,,-1
35002172,,-1
35002700,,-1
35002733,,-1
35003000,,-1
35003010,,-1
35003012,,-1
35003014,,-1
35003032,,-1
35003040,,-1
35003050,,-1
35003100,,-1
35003172,,-1
35003700,,-1
35003733,,-1
35004000,,-1
35004010,,-1
35004012,,-1
35004020,,-1
35004030,,-1
35004032,,-1
35004040,,-1
35004050,,-1
35004100,,-1
35004172,,-1
35004700,,-1
35004733,,-1
35005000,,-1
35005010,,-1
35005020,,-1
35005032,,-1
35006000,,-1
35006010,,-1
35006032,,-1
35007000,,-1
35007010,,-1
35007020,,-1
35007032,,-1
35008000,,-1
35008010,,-1
35008020,,-1
35008032,,-1
35009000,,-1
35009010,,-1
35009032,,-1
35100000,,-1
35100006,,-1
35100010,,-1
35100012,,-1
35100020,,-1
35100032,,-1
35100033,,-1
35100040,,-1
35100100,,-1
35100110,,-1
35100112,,-1
35100120,,-1
35100132,,-1
35100133,,-1
35100200,,-1
35100210,,-1
35100920,,-1
35101000,,-1
35101006,,-1
35101010,,-1
35101012,,-1
35101020,,-1
35101032,,-1
35101033,,-1
35101040,,-1
35101100,,-1
35101110,,-1
35101112,,-1
35101140,,-1
35101920,,-1
35102000,,-1
35102006,,-1
35102010,,-1
35102012,,-1
35102020,,-1
35102032,,-1
35102033,,-1
35102040,,-1
35102920,,-1
35103000,,-1
35103010,,-1
35103012,,-1
35103020,,-1
35103100,,-1
35103106,,-1
35103110,,-1
35104000,,-1
35104006,,-1
35104010,,-1
35104012,,-1
35104032,,-1
35104100,,-1
35104110,,-1
35500000,,-1
35500020,,-1
35500030,,-1
35500050,,-1
35500068,,-1
35500930,,-1
35600000,,-1
35600030,,-1
35600040,,-1
35600042,,-1
35600100,,-1
35600172,,-1
35600900,,-1
35600950,,-1
35600972,,-1
35700000,,-1
35700028,,-1
35700038,,-1
35700100,,-1
35700172,,-1
35700950,,-1
36000000,,-1
36000010,,-1
36000012,,-1
36000024,,-1
36000052,,-1
36000062,,-1
36001000,,-1
36001052,,-1
36001920,,-1
36001933,,-1
36100000,,-1
36100034,,-1
36100054,,-1
36200000,,-1
36200034,,-1
36200054,,-1
36300000,,-1
36300054,,-1
36400000,,-1
36500000,,-1
36500012,,-1
36500020,,-1
36500030,,-1
36500033,,-1
36500034,,-1
36501000,,-1
36501033,,-1
36501034,,-1
36501100,,-1
36501833,,-1
36502000,,-1
36502040,,-1
36502042,,-1
36502052,,-1
36503000,,-1
36600000,,-1
36600014,,-1
36600020,,-1
36600030,,-1
36600034,,-1
36600035,,-1
36600041,,-1
36600070,,-1
36600100,,-1
36600110,,-1
36600114,,-1
36600600,,-1
36600612,,-1
36600620,,-1
36600652,,-1
36600700,,-1
36600733,,-1
36600800,,-1
36600838,,-1
36601000,,-1
36601030,,-1
36601070,,-1
36601200,,-1
36601212,,-1
36601220,,-1
36601252,,-1
36601300,,-1
36601333,,-1
36601400,,-1
36601438,,-1
36602000,,-1
36602070,,-1
36602100,,-1
36602152,,-1
36602200,,-1
36602233,,-1
36602300,,-1
36602338,,-1
36603000,,-1
36603010,,-1
36603020,,-1
36603100,,-1
36603110,,-1
36608000,,-1
36608033,,-1
36609000,,-1
36609006,,-1
36609010,,-1
36609012,,-1
36609020,,-1
36609022,,-1
36609040,,-1
36609052,,-1
36609100,,-1
36609114,,-1
36609120,,-1
36609130,,-1
36609140,,-1
36609142,,-1
36609152,,-1
36609162,,-1
36609165,,-1
36609170,,-1
36609500,,-1
36609510,,-1
36609520,,-1
36610000,,-1
36610012,,-1
36610030,,-1
36610032,,-1
36610033,,-1
36610034,,-1
36610035,,-1
36610039,,-1
36610040,,-1
36610054,,-1
36610100,,-1
36610140,,-1
36610812,,-1
36610820,,-1
36611000,,-1
36611012,,-1
36611030,,-1
36611031,,-1
36611035,,-1
36611100,,-1
36612000,,-1
36612030,,-1
36612032,,-1
36612035,,-1
36612040,,-1
36612132,,-1
36612200,,-1
36613000,,-1
36613054,,-1
36613100,,-1
36613154,,-1
36613200,,-1
36613254,,-1
36614000,,-1
36614024,,-1
36615000,,-1
36615068,,-1
36616000,,-1
36616040,,-1
36619000,,-1
36619040,,-1
36620000,,-1
36620012,,-1
36620034,,-1
36620040,,-1
36620054,,-1
36620100,,-1
36620140,,-1
36621000,,-1
36621031,,-1
36621035,,-1
36621100,,-1
36621140,,-1
36622000,,-1
36622040,,-1
36622200,,-1
36623000,,-1
36623054,,-1
36623100,,-1
36623154,,-1
36623200,,-1
36623254,,-1
36624000,,-1
36624024,,-1
36625000,,-1
36625068,,-1
36626000,,-1
36626040,,-1
36640000,,-1
36640012,,-1
36640032,,-1
36640035,,-1
36640040,,-1
36640920,,-1
36650000,,110500
36650014,,110500
36650114,,110500
36650214,,110500
36650314,,110500
36650414,,110500
36650514,,110500
36650614,,110500
36651000,,110500
36660000,,-1
36660030,,-1
36660034,,-1
36660050,,-1
36660070,,-1
36700000,,-1
36700042,,-1
36700100,,-1
36700120,,-1
36700134,,-1
36701000,,-1
36701021,,-1
36701038,,-1
36701042,,-1
36701100,,-1
36701120,,-1
36701121,,-1
36701138,,-1
36701200,,-1
36702000,,-1
36702038,,-1
36702051,,-1
36702100,,-1
36702138,,-1
36702151,,-1
36702200,,-1
36702238,,-1
36702251,,-1
36703000,,-1
36703034,,-1
36703038,,-1
36703051,,-1
36704000,,-1
36704020,,-1
36708000,,-1
36708020,,111300
36709000,,-1
36709020,,-1
36709100,,-1
36709120,,-1
36709920,,-1
37000000,,-1
37000010,,-1
37000020,,-1
37000030,,-1
37000031,,-1
37000033,,-1
37001000,,-1
37001030,,-1
37001031,,-1
37010000,,-1
37010030,,-1
37010033,,-1
37010034,,-1
37010830,,-1
37011000,,-1
37011030,,-1
37011034,,-1
37011930,,-1
37020000,,-1
37020020,,-1
37020021,,-1
37020024,,-1
37020032,,-1
37020040,,-1
37021000,,-1
37021020,,-1
37021024,,-1
37021032,,-1
37021040,,-1
37021140,,-1
37022000,,-1
37022021,,-1
37022024,,-1
37022040,,-1
37022140,,-1
37023000,,-1
37023020,,-1
37023024,,-1
37023040,,-1
37023140,,-1
37024000,,-1
37024024,,-1
37024040,,-1
37030000,,-1
37030012,,-1
37030021,,-1
37030030,,-1
37030031,,-1
37030032,,-1
37030033,,-1
37030034,,-1
37030041,,-1
37030052,,-1
37031000,,-1
37031024,,-1
37031034,,-1
37040000,,-1
37040020,,-1
37040040,,-1
37040054,,-1
37040800,,-1
37040830,,-1
37040940,,-1
37100000,,-1
37100024,,-1
37100032,,114410
37200000,,-1
37200040,,114310
37200042,,-1
37300000,,-1
37300020,,-1
37300040,,-1
37300042,,-1
37300052,,-1
37300100,,-1
37300112,,-1
37300120,,-1
37300152,,-1
37301000,,-1
37301024,,-1
37500000,,-1
37500060,,-1
37500062,,-1
37500064,,-1
37500065,,-1
37501000,,-1
37501060,,-1
37501062,,-1
37502000,,-1
37502060,,-1
37502062,,-1
37502064,,-1
37502065,,-1
38000000,,-1
38000031,,-1
38000040,,-1
38000042,,-1
38000052,,-1
38000056,,-1
38000100,,-1
38000142,,-1
38000242,,-1
38000920,,-1
38000940,,-1
38001000,,-1
38001031,,-1
38001040,,-1
38001042,,-1
38001052,,-1
38001056,,-1
38001100,,-1
38001142,,-1
38001940,,-1
38100000,,-1
38100040,,-1
38100056,,-1
38100062,,-1
38100932,,-1
38101000,,-1
38101040,,-1
38101056,,-1
38102000,,-1
38102056,,-1
38102932,,-1
38103000,,-1
38103040,,-1
38103056,,-1
38109000,,-1
38109040,,-1
38500000,,-1
38500012,,-1
38500020,,-1
38500024,,-1
38500032,,-1
38500040,,-1
38500050,,-1
38501000,,-1
38501012,,-1
38501020,,-1
38501024,,-1
38501032,,-1
38501040,,-1
38501050,,-1
38501100,,-1
38501140,,-1
38501200,,-1
38501240,,-1
38502000,,-1
38502012,,-1
38502020,,-1
38502024,,-1
38502032,,-1
38502040,,-1
38502050,,-1
38600000,,-1
38600020,,-1
38600030,,-1
38600032,,-1
38600040,,-1
38600050,,-1
38600100,,-1
38600132,,-1
38600140,,-1
38600150,,-1
38600200,,-1
38600500,,-1
38600532,,-1
38600540,,-1
38600550,,-1
38600600,,-1
38600632,,-1
38601000,,-1
38601024,,-1
38601032,,-1
38601040,,-1
38601050,,-1
38601100,,-1
38601132,,-1
38601140,,-1
38601200,,-1
38601500,,-1
38601532,,-1
38601540,,-1
38601550,,-1
39000000,,-1
39000020,,-1
39000032,,-1
39000050,,-1
39001000,,-1
39001032,,-1
39001050,,-1
39010000,,-1
39010038,,-1
39011000,,-1
39011042,,-1
39100000,,-1
39100032,,-1
39100050,,-1
39100100,,-1
39100150,,-1
39100200,,-1
39100250,,-1
39101000,,-1
39101050,,-1
39101100,,-1
39101150,,-1
39500000,,-1
39500038,,-1
39500100,,-1
39501000,,-1
39501100,,-1
39501138,,-1
39501200,,-1
39502000,,-1
39502038,,-1
39502100,,-1
39503000,,-1
39503038,,-1
39503100,,-1
39503200,,-1
39504000,,-1
39504038,,-1
39509000,,-1
39509038,,-1
39509138,,-1
39700000,,-1
39700072,,-1
39700100,,-1
39700172,,-1
39700200,,-1
39700272,,-1
39700300,,-1
39700372,,-1
39700400,,-1
39700472,,-1
39701000,,-1
39701072,,-1
39701100,,-1
39701172,,-1
39701200,,-1
39701272,,-1
39701910,,-1
39701942,,-1
39702000,,-1
39702072,,-1
39702100,,-1
39702172,,-1
39702200,,-1
39702272,,-1
39702300,,-1
39702372,,-1
39702942,,-1
39703000,,-1
39703072,,-1
39703100,,-1
39703172,,-1
39709000,,-1
40000000,,-1
40000020,,-1
40000022,,-1
40000030,,-1
40000031,,-1
40000035,,-1
40000040,,-1
40000054,,-1
40000100,,-1
40000120,,-1
40000140,,-1
40000154,,-1
40001000,,-1
40001020,,-1
40001030,,-1
40001031,,-1
40001054,,-1
40001130,,-1
40200000,,-1
40200003,,-1
40200020,,-1
40200022,,-1
40200030,,-1
40200031,,-1
40200035,,-1
40200040,,-1
40200056,,-1
40200100,,-1
40200130,,-1
40200920,,-1
40208000,,-1
40208020,,-1
40208022,,-1
40208030,,-1
40208031,,-1
40208035,,-1
40208040,,-1
40208056,,-1
40208100,,-1
40208122,,-1
40208130,,-1
40208131,,-1
40208156,,-1
40208200,,-1
40208230,,-1
40208256,,-1
40208300,,-1
40208356,,-1
40208400,,-1
40208456,,-1
40400000,,-1
40400030,,-1
40400031,,-1
40400033,,-1
40400035,,-1
40400040,,-1
40400051,,-1
40401000,,-1
40401032,,-1
40401038,,-1
40402000,,-1
40402030,,-1
40403000,,-1
40403010,,-1
40403020,,-1
40403033,,-1
40403050,,-1
40403052,,-1
40500000,,-1
40500010,,-1
40500012,,-1
40500013,,-1
40500052,,-1
40500098,,-1
40500100,,-1
40509500,,-1
40600000,,-1
40600010,,-1
40600052,,-1
40700000,,-1
40700009,,-1
40700010,,-1
40700012,,-1
40700013,,-1
40700020,,-1
40700030,,-1
40700032,,-1
40700033,,-1
40700036,,-1
40700042,,-1
40700051,,-1
40700052,,-1
40700065,,-1
40700100,,-1
40700110,,-1
40700112,,-1
40700152,,-1
40700165,,-1
40700550,,-1
40700900,,-1
40701000,,-1
40701010,,-1
40701012,,-1
40702000,,-1
40702010,,-1
40702012,,-1
40708000,,-1
40708024,,-1
40709000,,-1
40710000,,-1
40710009,,-1
40710010,,-1
40710012,,-1
40710020,,-1
40710022,,-1
40710030,,-1
40710032,,-1
40710033,,-1
40710042,,-1
40710051,,-1
40710052,,-1
40710065,,-1
40710550,,-1
40800000,,-1
40800010,,-1
40800012,,-1
40800013,,-1
40800014,,-1
40800020,,-1
40800028,,-1
40800030,,-1
40800032,,-1
40800034,,-1
40800035,,-1
40800040,,-1
40800042,,-1
40800050,,-1
40800051,,-1
40800052,,-1
40800054,,-1
40800064,,-1
40800065,,-1
40800100,,-1
40800134,,-1
40800210,,-1
40800212,,-1
40800300,,-1
40800312,,-1
40800320,,-1
40800352,,-1
40900000,,-1
40900010,,-1
40900012,,-1
40900014,,-1
40900020,,-1
40900030,,-1
40900032,,-1
40900034,,-1
40900035,,-1
40900040,,-1
40900042,,-1
40900054,,-1
40900064,,-1
40900210,,-1
40900300,,-1
40900312,,-1
40900320,,-1
40900352,,-1
41000000,,-1
41000010,,-1
41000012,,-1
41000020,,-1
41000030,,-1
41000032,,-1
41000040,,-1
41000042,,-1
41000050,,-1
41000200,,-1
41000212,,-1
41000910,,-1
41001000,,-1
41001009,,-1
41001010,,-1
41001012,,-1
41001020,,-1
41001030,,-1
41001032,,-1
41001040,,-1
41001042,,-1
41001050,,-1
41001130,,-1
41001200,,-1
41001212,,-1
41002000,,-1
41002010,,-1
41002012,,-1
41002020,,-1
41002030,,-1
41002032,,-1
41002040,,-1
41002042,,-1
41002050,,-1
41002200,,-1
41002212,,-1
41002910,,-1
41009000,,-1
41009100,,-1
41009200,,-1
41010000,,-1
41010010,,-1
41010012,,-1
41010020,,-1
41010030,,-1
41010032,,-1
41010050,,-1
41100000,,-1
41100010,,-1
41100012,,-1
41100020,,-1
41100030,,-1
41100032,,-1
41100036,,-1
41100050,,-1
41109000,,-1
41109010,,-1
41109020,,-1
41109024,,-1
41109030,,-1
41109034,,-1
41109100,,-1
41109110,,-1
41109120,,-1
41109134,,-1
41200000,,-1
41200009,,-1
41200012,,-1
41200020,,-1
41200030,,-1
41200032,,-1
41200040,,-1
41200042,,-1
41200050,,-1
41200100,,-1
41200910,,-1
41300000,,-1
41300012,,-1
41300032,,-1
41301000,,-1
41301030,,-1
41301932,,-1
41400000,,-1
41400035,,-1
41400038,,-1
41400062,,-1
41401000,,-1
41401034,,-1
41402000,,-1
41402020,,-1
41402035,,-1
41402050,,-1
41402054,,-1
41402100,,-1
41402920,,-1
41402950,,-1
41403000,,-1
41403032,,-1
41403033,,-1
41403050,,-1
41403833,,-1
41403930,,-1
41404000,,-1
41404020,,-1
41404022,,-1
41404030,,-1
41404040,,-1
41404052,,-1
41409000,,-1
41500000,,-1
41500030,,-1
41500031,,-1
41500032,,-1
41500033,,-1
41500035,,-1
41500038,,-1
41500040,,-1
41500060,,-1
41500062,,-1
41500066,,-1
41500100,,-1
41500862,,-1
41600000,,-1
41600014,,-1
41600024,,-1
41600031,,-1
41600032,,-1
41600034,,-1
41600035,,-1
41601000,,-1
41601010,,-1
41601020,,-1
41602000,,-1
41602050,,-1
41610000,,-1
41610010,,-1
41610012,,-1
41610013,,-1
41610014,,-1
41610020,,-1
41610024,,-1
41610030,,-1
41610031,,-1
41610032,,-1
41610033,,-1
41610034,,-1
41610038,,-1
41610040,,-1
41610041,,-1
41610050,,-1
41610064,,-1
41610200,,-1
41610210,,-1
41610212,,-1
41610220,,-1
41610252,,-1
41610300,,-1
41610350,,-1
41620000,,-1
41620072,,-1
41630000,,-1
41630072,,-1
41640000,,-1
41640030,,-1
41640052,,-1
41640830,,-1
41650000,,-1
41650030,,-1
41650052,,-1
41650068,,-1
41650830,,-1
41650935,,-1
41660000,,-1
41660040,,-1
41660042,,-1
41670000,,-1
41670040,,-1
41700000,,-1
41700010,,-1
41700013,,-1
41700020,,-1
41700030,,-1
41700032,,-1
41700040,,-1
41700100,,-1
41700110,,-1
41700130,,-1
41700140,,-1
41700141,,-1
41700152,,-1
41700200,,-1
41700240,,-1
41700300,,-1
41700312,,-1
41700332,,-1
41710000,,-1
41710400,,-1
41710430,,-1
41710468,,-1
41800000,,-1
41800010,,-1
41800012,,-1
41800020,,-1
41800030,,-1
41800032,,-1
41800033,,-1
41800050,,-1
41800052,,-1
41800065,,-1
41800100,,-1
41800110,,-1
41800112,,-1
41800120,,-1
41800152,,-1
41800200,,-1
41800210,,-1
41800300,,-1
41800312,,-1
41800852,,-1
41801000,,-1
41801013,,-1
41809000,,-1
41809050,,-1
41900000,,-1
41900050,,-1
41900052,,-1
41901000,,-1
41901050,,-1
41901052,,-1
41902000,,-1
41902020,,-1
41902032,,-1
41902050,,-1
41902052,,-1
41902100,,-1
41902150,,-1
41902152,,-1
41902200,,-1
41902250,,-1
41902252,,-1
41903000,,-1
41903050,,-1
41903052,,-1
41903100,,-1
41903150,,-1
41903152,,-1
41903200,,-1
41903250,,-1
41903252,,-1
41904000,,-1
41904050,,-1
41904052,,-1
41904100,,-1
41904150,,-1
41904152,,-1
41904200,,-1
41904250,,-1
41904252,,-1
41905000,,-1
41905050,,-1
41905052,,-1
41905100,,-1
41905200,,-1
41905364,,-1
41906110,,-1
41907310,,-1
41908110,,-1
41909112,,-1
41910000,,-1
41910010,,-1
41910012,,-1
41910020,,-1
41910022,,-1
41910030,,-1
41910032,,-1
41910035,,-1
41910040,,-1
41910041,,-1
41910050,,-1
41910052,,-1
41910054,,-1
41910056,,-1
41910060,,-1
41910062,,-1
41910064,,-1
41910065,,-1
41910066,,-1
41910068,,-1
41911000,,-1
41911010,,-1
41911020,,-1
41911022,,-1
41911030,,-1
41911035,,-1
41911050,,-1
41911052,,-1
41911054,,-1
41911056,,-1
41911060,,-1
41911062,,-1
41911064,,-1
41911065,,-1
41911066,,-1
41911068,,-1
41912000,,-1
41912010,,-1
41912012,,-1
41912014,,-1
41912020,,-1
41912024,,-1
41912030,,-1
41912032,,-1
41912033,,-1
41912034,,-1
41912040,,-1
41912041,,-1
41912042,,-1
41912050,,-1
41912052,,-1
41912054,,-1
41912056,,-1
41912060,,-1
41912062,,-1
41912064,,-1
41912065,,-1
41912066,,-1
41912068,,-1
41912072,,-1
41912100,,-1
41912150,,-1
41912152,,-1
41912160,,-1
41912162,,-1
41912164,,-1
41912165,,-1
41912166,,-1
41912168,,-1
41912200,,-1
41912220,,-1
41912230,,-1
41912233,,-1
41912240,,-1
41912250,,-1
41912252,,-1
41912260,,-1
41912262,,-1
41912264,,-1
41912265,,-1
41912266,,-1
41912268,,-1
41913000,,-1
41913014,,-1
41913020,,-1
41913024,,-1
41913032,,-1
41913035,,-1
41913050,,-1
41913052,,-1
41913054,,-1
41913056,,-1
41913060,,-1
41913062,,-1
41913064,,-1
41913065,,-1
41913066,,-1
41913068,,-1
41913072,,-1
41913100,,-1
41913150,,-1
41913152,,-1
41913160,,-1
41913162,,-1
41913164,,-1
41913165,,-1
41913166,,-1
41913168,,-1
41913200,,-1
41913250,,-1
41913252,,-1
41913260,,-1
41913262,,-1
41913264,,-1
41913265,,-1
41913266,,-1
41913268,,-1
41914000,,-1
41914012,,-1
41914014,,-1
41914020,,-1
41914030,,-1
41914032,,-1
41914034,,-1
41914040,,-1
41914042,,-1
41914050,,-1
41914052,,-1
41914054,,-1
41914056,,-1
41914060,,-1
41914062,,-1
41914064,,-1
41914065,,-1
41914066,,-1
41914068,,-1
41914072,,-1
41914100,,-1
41914150,,-1
41914152,,-1
41914160,,-1
41914162,,-1
41914164,,-1
41914165,,-1
41914166,,-1
41914168,,-1
41914200,,-1
41914212,,-1
41914250,,-1
41914252,,-1
41914260,,-1
41914262,,-1
41914264,,-1
41914265,,-1
41914266,,-1
41914268,,-1
41915000,,-1
41915010,,-1
41915020,,-1
41915026,,-1
41915030,,-1
41915035,,-1
41915038,,-1
41915040,,-1
41915042,,-1
41915050,,-1
41915052,,-1
41915062,,-1
41915065,,-1
41915066,,-1
41915100,,-1
41915150,,-1
41915200,,-1
41915535,,-1
41915540,,-1
41915542,,-1
41915554,,-1
41915560,,-1
41915562,,-1
41915564,,-1
41915565,,-1
41915566,,-1
41915568,,-1
41916160,,-1
41916162,,-1
41916164,,-1
41916165,,-1
41916166,,-1
41917364,,-1
41917365,,-1
41917366,,-1
41918062,,-1
41918064,,-1
41918065,,-1
41918066,,-1
41918068,,-1
41918120,,-1
41918140,,-1
41918940,,-1
41919062,,-1
41919064,,-1
41919065,,-1
41919068,,-1
41919140,,-1
41920000,,-1
41920040,,-1
41920042,,-1
41921000,,-1
41921040,,-1
41921042,,-1
41922000,,-1
41922020,,-1
41922050,,-1
41922052,,-1
41922200,,-1
41922250,,-1
41922252,,-1
41923000,,-1
41923050,,-1
41923052,,-1
41923200,,-1
41923250,,-1
41923252,,-1
41924000,,-1
41924050,,-1
41924052,,-1
41924200,,-1
41924250,,-1
41924252,,-1
41925000,,-1
41925050,,-1
41925052,,-1
41925200,,-1
41925250,,-1
41927064,,-1
42000000,,-1
42000010,,-1
42000011,,-1
42000012,,-1
42000014,,-1
42000020,,-1
42000026,,-1
42000033,,-1
42000038,,-1
42000040,,-1
42000042,,-1
42000050,,-1
42000064,,-1
42000100,,-1
42000110,,-1
42000112,,-1
42000120,,-1
42000126,,-1
42000133,,-1
42000138,,-1
42000140,,-1
42000141,,-1
42000142,,-1
42000150,,-1
42000200,,-1
42000210,,-1
42000226,,-1
42000242,,-1
42000250,,-1
42001000,,-1
42001050,,-1
42001100,,-1
42001150,,-1
42001200,,-1
42001250,,-1
42010000,,-1
42010020,,-1
42010100,,-1
42010110,,-1
42010112,,-1
42010120,,-1
42010126,,-1
42010133,,-1
42010140,,-1
42010141,,-1
42010142,,-1
42011000,,-1
42011026,,-1
42011100,,-1
42011126,,-1
42011142,,-1
42017000,,-1
42017020,,-1
42017400,,-1
42017412,,-1
42017420,,-1
42017426,,-1
42017433,,-1
42017440,,-1
42017441,,-1
42017442,,-1
42017500,,-1
42017526,,-1
42017540,,-1
42017542,,-1
42017600,,-1
42017640,,-1
42017642,,-1
42017700,,-1
42017740,,-1
42017800,,-1
42017840,,-1
42018000,,-1
42018026,,-1
42018042,,-1
42018100,,-1
42018126,,-1
42100000,,-1
42100014,,-1
42100100,,-1
42100114,,-1
42100200,,-1
42100214,,-1
42101000,,-1
42101014,,-1
42101033,,-1
42101100,,-1
42101114,,-1
42101150,,-1
42101200,,-1
42101214,,-1
42101250,,-1
42102000,,-1
42102010,,-1
42102072,,-1
42103000,,-1
42103050,,-1
42104000,,-1
42104051,,-1
42104500,,-1
42104551,,-1
42105000,,-1
42105051,,-1
42105500,,-1
42200000,,-1
42200010,,-1
42200012,,-1
42200020,,-1
42200026,,-1
42200032,,-1
42200040,,-1
42200050,,-1
42200052,,-1
42200064,,-1
42300000,,-1
42300010,,-1
42300012,,-1
42300020,,-1
42300026,,-1
42300032,,-1
42300040,,-1
42300050,,-1
42300052,,-1
42300064,,-1
42300830,,-1
42300852,,-1
42400000,,-1
42400020,,-1
42400021,,-1
42400032,,-1
42400034,,-1
42400035,,-1
42400100,,-1
42400150,,-1
42400200,,-1
42400221,,-1
42405000,,-1
42405050,,-1
42405100,,-1
42405150,,-1
42405200,,-1
42405250,,-1
42405300,,-1
42405350,,-1
42405400,,-1
42405450,,-1
42405500,,-1
42405550,,-1
42405600,,-1
42405650,,-1
42405700,,-1
42405750,,-1
42405800,,-1
42405850,,-1
42406000,,-1
42406050,,-1
42406100,,-1
42406150,,-1
42406200,,-1
42406250,,-1
42406300,,-1
42406350,,-1
42406400,,-1
42406450,,-1
42407000,,-1
42407020,,-1
42407021,,-1
42407032,,-1
42407034,,-1
42407035,,-1
42407100,,-1
42407121,,-1
42407132,,-1
42407200,,-1
42407221,,-1
42407300,,-1
42407321,,-1
42407400,,-1
42407421,,-1
42407500,,-1
42407521,,-1
42407600,,-1
42407621,,-1
42407700,,-1
42407721,,-1
42407800,,-1
42407821,,-1
42408000,,-1
42408021,,-1
42408100,,-1
42408121,,-1
42408200,,-1
42408221,,-1
42408300,,-1
42408321,,-1
42408400,,-1
42408421,,-1
42408500,,-1
42408521,,-1
42408800,,-1
42408821,,-1
42410000,,-1
42410100,,-1
42410150,,-1
42500000,,-1
42500020,,-1
42500021,,-1
42500028,,-1
42500032,,-1
42500034,,-1
42500035,,-1
42500100,,-1
42500150,,-1
42600000,,-1
42600100,,-1
42600110,,-1
42600500,,-1
42600512,,-1
42600600,,-1
42600940,,-1
42601000,,-1
42601100,,-1
42601500,,-1
42601600,,-1
42601920,,-1
42601940,,-1
42602000,,-1
42602100,,-1
42602500,,-1
42602600,,-1
42602932,,-1
42603000,,-1
42603100,,-1
42603500,,-1
42603600,,-1
42604000,,-1
42604100,,-1
42604150,,-1
42604152,,-1
42604500,,-1
42604600,,-1
42604650,,-1
42604652,,-1
42605000,,-1
42605100,,-1
42605150,,-1
42605152,,-1
42605500,,-1
42605600,,-1
42700000,,-1
42700014,,-1
42700020,,-1
42700030,,-1
42700034,,-1
42700040,,-1
42700041,,-1
42701000,,-1
42701051,,-1
42800000,,-1
42800054,,-1
42800056,,-1
42800060,,-1
42800062,,-1
42800066,,-1
42800100,,-1
42800160,,-1
42800166,,-1
42800200,,-1
42800260,,-1
42800300,,-1
42800354,,-1
42800360,,-1
42800362,,-1
42800366,,-1
42800400,,-1
42800462,,-1
42800466,,-1
42800500,,-1
42800562,,-1
42800566,,-1
42800862,,-1
42801100,,-1
42801162,,-1
42810000,,-1
42810060,,-1
42810062,,-1
42810066,,-1
42900000,,-1
42900010,,-1
42900020,,-1
42900032,,-1
42900038,,-1
42900040,,-1
42900100,,-1
42900132,,-1
42900138,,-1
42900920,,-1
42901000,,-1
42909000,,-1
42909024,,-1
43000000,,-1
43000006,,-1
43000010,,-1
43000012,,-1
43000020,,-1
43000024,,-1
43000030,,-1
43000032,,-1
43000033,,-1
43000040,,-1
43000052,,-1
43000100,,-1
43000110,,-1
43000112,,-1
43000130,,-1
43000131,,-1
43000133,,-1
43000140,,-1
43000152,,-1
43000200,,-1
43000210,,-1
43000212,,-1
43000230,,-1
43000233,,-1
43000240,,-1
43000252,,-1
43000300,,-1
43000320,,-1
43000410,,-1
43000600,,-1
43000800,,-1
43000900,,-1
43001000,,-1
43001010,,-1
43001012,,-1
43001020,,-1
43001021,,-1
43001024,,-1
43001030,,-1
43001031,,-1
43001032,,-1
43001033,,-1
43001040,,-1
43001052,,-1
43001100,,-1
43001120,,-1
43001128,,-1
43001200,,-1
43001230,,-1
43001240,,-1
43001800,,-1
43001900,,-1
43002000,,-1
43002009,,-1
43002010,,-1
43002012,,-1
43002020,,-1
43002021,,-1
43002024,,-1
43002030,,-1
43002031,,-1
43002032,,-1
43002033,,-1
43002040,,-1
43002052,,-1
43002110,,-1
43002140,,-1
43002200,,-1
43002220,,-1
43002228,,-1
43002300,,-1
43002320,,-1
43002322,,-1
43002400,,-1
43002410,,-1
43002800,,-1
43002900,,-1
43003000,,-1
43003010,,-1
43003012,,-1
43003020,,-1
43003030,,-1
43003032,,-1
43003033,,-1
43003040,,-1
43003052,,-1
43003800,,-1
43003900,,-1
43004000,,-1
43004030,,-1
43004033,,-1
43004052,,-1
43004100,,-1
43004130,,-1
43004152,,-1
43004800,,-1
43004900,,-1
43005000,,-1
43005006,,-1
43005010,,-1
43005012,,-1
43005020,,-1
43005024,,-1
43005030,,-1
43005032,,-1
43005033,,-1
43005040,,-1
43005052,,-1
43005100,,-1
43005110,,-1
43005112,,-1
43005130,,-1
43005133,,-1
43005152,,-1
43005200,,-1
43005210,,-1
43005212,,-1
43005230,,-1
43005233,,-1
43005252,,-1
43006000,,-1
43006010,,-1
43006012,,-1
43006024,,-1
43006030,,-1
43006032,,-1
43006033,,-1
43006052,,-1
43006100,,-1
43006110,,-1
43006112,,-1
43006130,,-1
43006133,,-1
43006152,,-1
43006200,,-1
43006210,,-1
43006212,,-1
43006230,,-1
43006233,,-1
43006252,,-1
43006300,,-1
43006352,,-1
43006600,,-1
43006630,,-1
43006633,,-1
43006638,,-1
43006700,,-1
43006738,,-1
43006800,,-1
43006838,,-1
43007000,,-1
43007010,,-1
43007012,,-1
43007020,,-1
43007030,,-1
43007040,,-1
43007052,,-1
43007100,,-1
43007110,,-1
43007112,,-1
43007120,,-1
43007130,,-1
43007150,,-1
43009000,,-1
43009010,,-1
43009012,,-1
43009100,,-1
43009110,,-1
43009120,,-1
43009130,,-1
43009132,,-1
43009140,,-1
43009150,,-1
43009200,,-1
43009212,,-1
43009220,,-1
43009232,,-1
43009240,,-1
43009250,,-1
43009252,,-1
43009300,,-1
43009320,,-1
43009330,,-1
43009332,,-1
43009340,,-1
43009350,,-1
43009352,,-1
43009366,,-1
43110000,,-1
43110009,,-1
43110010,,-1
43110012,,-1
43110013,,-1
43110912,,-1
43110914,,-1
43111100,,-1
43111110,,-1
43111112,,-1
43111140,,-1
43111200,,-1
43111210,,-1
43111212,,-1
43111300,,-1
43111306,,-1
43111310,,-1
43111312,,-1
43111313,,-1
43111400,,-1
43111410,,-1
43111412,,-1
43112000,,-1
43112010,,-1
43112012,,-1
43112100,,-1
43112110,,-1
43112112,,-1
43112200,,-1
43112210,,-1
43112212,,-1
43112300,,-1
43112400,,-1
43112410,,-1
43112412,,-1
43113000,,-1
43113010,,-1
43113012,,-1
43113040,,-1
43113906,,-1
43114000,,-1
43114006,,-1
43114010,,-1
43114012,,-1
43114013,,-1
43114090,,-1
43120000,,-1
43120020,,-1
43120021,,-1
43120028,,-1
43120100,,-1
43120120,,-1
43120200,,-1
43120300,,-1
43120320,,-1
43120321,,-1
43121000,,-1
43121020,,-1
43121021,,-1
43121100,,-1
43121120,,-1
43121200,,-1
43121300,,-1
43121320,,-1
43121321,,-1
43121820,,-1
43122000,,-1
43122020,,-1
43122021,,-1
43123000,,-1
43123020,,-1
43123021,,-1
43123028,,-1
43130000,,-1
43130030,,-1
43130032,,-1
43130034,,-1
43130035,,-1
43130100,,-1
43130130,,-1
43130132,,-1
43130134,,-1
43130150,,-1
43130200,,-1
43130230,,-1
43130232,,-1
43130234,,-1
43130300,,-1
43130330,,-1
43130332,,-1
43130334,,-1
43130335,,-1
43130400,,-1
43130435,,-1
43130500,,-1
43130535,,-1
43131000,,-1
43131030,,-1
43131032,,-1
43131034,,-1
43131100,,-1
43131130,,-1
43131132,,-1
43131200,,-1
43131300,,-1
43131330,,-1
43132000,,-1
43132030,,-1
43132032,,-1
43132034,,-1
43133000,,-1
43133030,,-1
43133032,,-1
43133034,,-1
43133035,,-1
43133100,,-1
43133135,,-1
43134032,,-1
43134132,,-1
43134232,,-1
43134332,,-1
43135032,,-1
43135132,,-1
43136032,,-1
43137032,,-1
43140000,,-1
43140040,,-1
43140041,,-1
43140042,,-1
43140100,,-1
43140140,,-1
43140200,,-1
43140240,,-1
43140242,,-1
43140300,,-1
43140340,,-1
43140341,,-1
43140342,,-1
43140440,,-1
43140500,,-1
43140542,,-1
43140642,,-1
43141000,,-1
43141040,,-1
43141042,,-1
43141100,,-1
43141140,,-1
43141141,,-1
43141200,,-1
43141300,,-1
43141340,,-1
43141342,,-1
43141400,,-1
43141442,,-1
43142000,,-1
43142040,,-1
43142042,,-1
43142100,,-1
43142142,,-1
43142242,,-1
43143000,,-1
43143040,,-1
43143041,,-1
43143042,,-1
43143100,,-1
43143142,,-1
43143242,,-1
43150000,,-1
43150012,,-1
43150020,,-1
43150052,,-1
43150066,,-1
43150200,,-1
43150266,,-1
43150300,,-1
43150320,,-1
43150366,,-1
43151000,,-1
43151020,,-1
43151052,,-1
43151066,,-1
43151200,,-1
43151266,,-1
43151300,,-1
43151366,,-1
43152000,,-1
43152052,,-1
43152066,,-1
43153000,,-1
43153052,,-1
43153066,,-1
43160000,,-1
43160056,,-1
43160100,,-1
43160156,,-1
43160200,,-1
43160256,,-1
43160300,,-1
43160356,,-1
43160556,,-1
43160656,,-1
43160756,,-1
43160856,,-1
43161000,,-1
43161056,,-1
43161100,,-1
43161156,,-1
43161200,,-1
43161256,,-1
43161300,,-1
43161356,,-1
43161556,,-1
43161656,,-1
43161756,,-1
43161856,,-1
43162000,,-1
43162056,,-1
43162556,,-1
43163000,,-1
43163056,,-1
43163556,,-1
43210000,,-1
43210012,,-1
43210020,,-1
43210026,,-1
43210030,,-1
43210033,,-1
43210040,,-1
43210100,,-1
43210142,,-1
43210150,,-1
43210152,,-1
43211000,,-1
43211012,,-1
43211020,,-1
43211026,,-1
43211030,,-1
43211040,,-1
43211100,,-1
43211142,,-1
43211150,,-1
43211152,,-1
43212000,,-1
43212012,,-1
43212020,,-1
43212026,,-1
43212030,,-1
43212033,,-1
43212040,,-1
43212100,,-1
43212142,,-1
43212150,,-1
43212152,,-1
43400000,,-1
43400010,,-1
43400020,,-1
43400030,,-1
43400032,,-1
43400040,,-1
43400100,,-1
43400200,,-1
43400300,,-1
43400400,,-1
43400430,,-1
43400500,,-1
43400910,,-1
43400940,,-1
43401000,,-1
43401013,,-1
43401024,,-1
43401030,,-1
43401032,,-1
43401040,,-1
43401041,,-1
43401100,,-1
43401110,,-1
43401130,,-1
43401940,,-1
43410000,,-1
43411000,,-1
43510000,,-1
43510010,,-1
43510100,,-1
43510110,,-1
43511000,,-1
43511010,,-1
43511100,,-1
43511110,,-1
43511112,,-1
43512000,,-1
43520000,,-1
43520020,,-1
43521000,,-1
43521100,,-1
43521120,,-1
43522000,,-1
43530000,,-1
43530020,,-1
43530030,,-1
43530032,,-1
43530034,,-1
43530035,,-1
43530036,,-1
43530100,,-1
43530132,,-1
43530200,,-1
43530235,,-1
43530500,,-1
43530534,,-1
43531000,,-1
43531030,,-1
43531032,,-1
43531034,,-1
43531036,,-1
43531100,,-1
43531130,,-1
43531132,,-1
43531136,,-1
43531150,,-1
43531200,,-1
43531232,,-1
43531234,,-1
43531300,,-1
43531500,,-1
43531534,,-1
43532000,,-1
43532030,,-1
43532034,,-1
43532050,,-1
43532100,,-1
43540000,,-1
43540040,,-1
43540041,,-1
43540042,,-1
43540200,,-1
43540242,,-1
43540342,,-1
43541000,,-1
43541040,,-1
43541041,,-1
43541042,,-1
43541100,,-1
43541140,,-1
43541200,,-1
43541242,,-1
43542000,,-1
43542040,,-1
43542042,,-1
43542200,,-1
43542242,,-1
43550000,,-1
43550020,,-1
43550052,,-1
43550066,,-1
43551000,,-1
43551052,,-1
43551066,,-1
43551100,,-1
43551152,,-1
43551166,,-1
43552000,,-1
43552052,,-1
43552066,,-1
43560000,,-1
43560034,,-1
43560056,,-1
43560556,,-1
43561000,,-1
43561056,,-1
43561556,,-1
43562000,,-1
43562056,,-1
43562556,,-1
43580000,,-1
43581000,,-1
43581100,,-1
43582000,,-1
43610000,,-1
43610010,,-1
43610012,,-1
43610100,,-1
43620000,,-1
43620020,,-1
43620100,,-1
43630000,,-1
43630030,,-1
43630050,,-1
43630100,,-1
43640000,,-1
43640040,,-1
43640100,,-1
43650000,,-1
43650052,,-1
43650066,,-1
43680000,,-1
43680100,,-1
43710000,,-1
43710010,,-1
43710012,,-1
43710013,,-1
43710040,,-1
43710500,,-1
43710510,,-1
43710512,,-1
43710540,,-1
43711000,,-1
43711010,,-1
43711012,,-1
43711040,,-1
43711400,,-1
43711500,,-1
43711510,,-1
43711512,,-1
43711600,,-1
43711612,,-1
43711700,,-1
43711710,,-1
43711712,,-1
43711800,,-1
43711812,,-1
43712000,,-1
43712010,,-1
43712012,,-1
43712500,,-1
43712510,,-1
43712512,,-1
43712540,,-1
43713000,,-1
43713010,,-1
43713012,,-1
43713040,,-1
43714000,,-1
43714010,,-1
43714012,,-1
43714013,,-1
43714040,,-1
43716000,,-1
43716010,,-1
43716012,,-1
43716040,,-1
43717000,,-1
43717010,,-1
43717012,,-1
43720000,,-1
43720020,,-1
43720500,,-1
43720520,,-1
43721000,,-1
43721400,,-1
43721500,,-1
43721600,,-1
43721700,,-1
43721800,,-1
43721820,,-1
43722000,,-1
43722020,,-1
43722500,,-1
43723000,,-1
43723020,,-1
43724000,,-1
43724020,,-1
43726000,,-1
43727000,,-1
43727020,,-1
43728000,,-1
43728100,,-1
43728200,,-1
43728300,,-1
43728400,,-1
43730000,,-1
43730030,,-1
43730032,,-1
43730033,,-1
43730500,,-1
43730530,,-1
43730532,,-1
43730534,,-1
43731000,,-1
43731030,,-1
43731050,,-1
43731400,,-1
43731500,,-1
43731530,,-1
43731600,,-1
43731630,,-1
43731700,,-1
43731730,,-1
43731732,,-1
43731800,,-1
43732000,,-1
43732030,,-1
43732500,,-1
43732530,,-1
43732534,,-1
43733000,,-1
43734000,,-1
43734030,,-1
43734032,,-1
43734034,,-1
43734035,,-1
43734050,,-1
43734500,,-1
43734535,,-1
43736000,,-1
43736030,,-1
43736032,,-1
43737000,,-1
43737030,,-1
43737032,,-1
43737033,,-1
43737050,,-1
43738000,,-1
43738032,,-1
43738100,,-1
43738200,,-1
43738300,,-1
43738400,,-1
43740000,,-1
43740040,,-1
43740041,,-1
43740042,,-1
43740342,,-1
43740500,,-1
43740540,,-1
43740541,,-1
43740542,,-1
43741000,,-1
43741040,,-1
43741400,,-1
43741441,,-1
43741500,,-1
43741541,,-1
43741600,,-1
43741700,,-1
43741800,,-1
43741841,,-1
43742000,,-1
43742040,,-1
43742041,,-1
43742042,,-1
43742500,,-1
43742540,,-1
43743000,,-1
43743040,,-1
43744000,,-1
43746000,,-1
43746040,,-1
43746041,,-1
43746042,,-1
43747000,,-1
43747040,,-1
43747041,,-1
43747042,,-1
43750000,,-1
43750500,,-1
43751000,,-1
43751052,,-1
43752000,,-1
43752500,,-1
43753000,,-1
43754000,,-1
43756000,,-1
43760000,,-1
43760056,,-1
43760500,,-1
43760556,,-1
43761000,,-1
43761400,,-1
43761500,,-1
43761556,,-1
43761600,,-1
43761656,,-1
43761700,,-1
43761756,,-1
43761800,,-1
43762000,,-1
43762500,,-1
43763000,,-1
43764000,,-1
43764056,,-1
43766000,,-1
43766056,,-1
43767000,,-1
43767056,,-1
43770000,,-1
43770012,,-1
43770500,,-1
43771000,,-1
43771400,,-1
43771500,,-1
43771600,,-1
43771700,,-1
43771800,,-1
43772000,,-1
43772012,,-1
43772500,,-1
43772512,,-1
43773000,,-1
43776000,,-1
43777000,,-1
43800000,,-1
43800012,,-1
43800032,,-1
43800042,,-1
43800062,,-1
43800100,,-1
43800130,,-1
43810000,,-1
43810020,,-1
43810032,,-1
43810100,,-1
43810132,,-1
43810200,,-1
43810250,,-1
43810300,,-1
43810350,,-1
43811000,,-1
43811020,,-1
43811100,,-1
43811150,,-1
43820000,,-1
43820010,,-1
43820012,,-1
43820026,,-1
43820030,,-1
43820033,,-1
43820052,,-1
43820100,,-1
43820140,,-1
43821000,,-1
43821010,,-1
43821012,,-1
43821020,,-1
43821026,,-1
43821030,,-1
43821033,,-1
43821052,,-1
43821100,,-1
43822000,,-1
43822010,,-1
43822026,,-1
43822100,,-1
43822140,,-1
43823000,,-1
43823010,,-1
43823012,,-1
43823030,,-1
43823033,,-1
43823040,,-1
43823100,,-1
43824000,,-1
43824100,,-1
43825000,,-1
43825026,,-1
43825100,,-1
43826000,,-1
43826033,,-1
43826100,,-1
43827000,,-1
43827012,,-1
43827052,,-1
43827100,,-1
43828000,,-1
43828033,,-1
43828100,,-1
43829000,,-1
43829030,,-1
43829100,,-1
43829140,,-1
43830000,,-1
43830010,,-1
43830020,,-1
43830030,,-1
43830040,,-1
43831000,,-1
43831020,,-1
43831030,,-1
43831040,,-1
43840000,,-1
43840020,,-1
43840040,,-1
43850000,,-1
43850010,,-1
43850012,,-1
43850020,,-1
43850032,,-1
43850040,,-1
43850100,,-1
43850110,,-1
43850112,,-1
43850120,,-1
43850132,,-1
43850140,,-1
43850200,,-1
43850210,,-1
43850212,,-1
43850220,,-1
43850232,,-1
43850240,,-1
43858000,,-1
43858040,,-1
43858100,,-1
43858140,,-1
43858200,,-1
43858240,,-1
44200000,,-1
44200020,,-1
44200035,,-1
44200120,,-1
44201000,,-1
44201020,,-1
44202000,,-1
44202020,,-1
44203000,,-1
44203050,,-1
44204000,,-1
44204050,,-1
44205000,,-1
44205050,,-1
44300000,,-1
44300010,,-1
44300012,,-1
44300020,,-1
44300022,,-1
44300030,,-1
44300040,,-1
44300050,,-1
44300100,,-1
44300110,,-1
44300150,,-1
44300200,,-1
44300250,,-1
44300300,,-1
44300310,,-1
44300340,,-1
44300350,,-1
44301000,,-1
44301010,,-1
44301033,,-1
44301040,,-1
44400000,,-1
44400010,,-1
44400012,,-1
44400020,,-1
44400032,,-1
44400033,,-1
44400040,,-1
44400050,,-1
44410000,,-1
44410020,,-1
44410050,,-1
44420000,,-1
44420040,,-1
44500000,,-1
44500012,,-1
44500020,,-1
44500050,,-1
44500052,,-1
44500066,,-1
44501000,,-1
44501020,,-1
44600000,,-1
44600020,,-1
44600032,,-1
44600036,,-1
44600040,,-1
44600840,,-1
44601000,,-1
44601032,,-1
44601040,,-1
44601840,,-1
44607000,,-1
44607020,,-1
44607032,,-1
44607040,,-1
44607100,,-1
44607120,,-1
44607132,,-1
44607200,,-1
44607220,,-1
44607800,,-1
44607840,,-1
44608000,,-1
44608032,,-1
44608040,,-1
44608600,,-1
44608640,,-1
44608700,,-1
44608740,,-1
44608800,,-1
44608840,,-1
44700000,,-1
44700020,,-1
44700024,,-1
44700032,,-1
44700034,,-1
44700038,,-1
44700040,,-1
44700938,,-1
44701000,,-1
44701021,,-1
44701024,,-1
44701032,,-1
44701033,,-1
44701034,,-1
44701038,,-1
44701100,,-1
44701132,,-1
44701938,,-1
44702000,,-1
44702041,,-1
44800000,,-1
44800010,,-1
44800012,,-1
44800020,,-1
44800032,,-1
44800034,,-1
44800035,,-1
44800040,,-1
44800054,,-1
44800064,,-1
44800100,,-1
44800120,,-1
44800130,,-1
44800140,,-1
44800162,,-1
44800200,,-1
44800220,,-1
44800300,,-1
44800330,,-1
44800370,,-1
44800400,,-1
44800430,,-1
44800912,,-1
44800930,,-1
44810000,,-1
44810010,,-1
44810012,,-1
44810020,,-1
44810032,,-1
44810034,,-1
44810035,,-1
44810040,,-1
44810054,,-1
44810064,,-1
44810100,,-1
44810120,,-1
44810130,,-1
44810162,,-1
44810200,,-1
44810220,,-1
44810300,,-1
44810330,,-1
44810370,,-1
44810400,,-1
44810430,,-1
44810500,,-1
44810540,,-1
44810830,,-1
44810912,,-1
44811000,,-1
44811012,,-1
44811100,,-1
44811200,,-1
44811300,,-1
44811330,,-1
44811400,,-1
44811430,,-1
44811830,,-1
44820000,,-1
44820031,,-1
44820040,,-1
44820054,,-1
44820056,,-1
44830000,,-1
44830030,,-1
44830031,,-1
44830040,,-1
44830054,,-1
44831000,,-1
44831040,,-1
44831054,,-1
44831056,,-1
44900000,,-1
44900011,,-1
44900014,,-1
44900020,,-1
44900021,,-1
44900024,,-1
44900032,,-1
44900033,,-1
44900034,,-1
44900035,,-1
44900038,,-1
44900050,,-1
44900100,,-1
44900124,,-1
44900200,,-1
44900320,,-1
44907000,,-1
44907014,,-1
44907021,,-1
44907033,,-1
44907035,,-1
44907038,,-1
44907050,,-1
44907100,,-1
44907121,,-1
44907133,,-1
44907150,,-1
44907200,,-1
44907221,,-1
44907233,,-1
44907250,,-1
44907300,,-1
44907333,,-1
44907350,,-1
44907400,,-1
44907450,,-1
44908100,,-1
44908124,,-1
44908300,,-1
44908320,,-1
44908400,,-1
44908420,,-1
44909000,,-1
44909040,,-1
44909100,,-1
44909200,,-1
44909310,,111700
44909410,,111700
44909540,,111700
44909620,,111700
44909640,,111700
44909732,,111700
44909850,,-1
44909972,,111700
44910000,,-1
44910002,,-1
44910014,,-1
44910020,,-1
44910021,,-1
44910024,,-1
44910032,,-1
44910033,,-1
44910034,,-1
44910035,,-1
44910038,,-1
44910050,,-1
44910100,,-1
44910124,,-1
44910150,,-1
44910200,,-1
44910232,,-1
44910233,,-1
44910234,,-1
44910238,,-1
44910250,,-1
44910300,,-1
44910333,,-1
44910350,,-1
44910400,,-1
44910500,,-1
44910600,,-1
44910720,,-1
44910933,,-1
44919000,,-1
44919020,,-1
44919120,,-1
44920000,,-1
44920040,,-1
44920100,,-1
45000000,,-1
45000010,,-1
45000042,,-1
45000072,,-1
45001000,,-1
45001072,,-1
45008000,,-1
45008024,,-1
45010000,,-1
45010040,,-1
45020000,,-1
45020022,,-1
45020920,,-1
45021000,,-1
45021920,,-1
45021922,,-1
45030000,,-1
45030050,,-1
45040000,,-1
45040042,,-1
45050000,,-1
45050042,,-1
45100000,,-1
45100072,,-1
45100172,,-1
45100272,,-1
45100572,,-1
45101000,,-1
45101100,,-1
45101200,,-1
45101272,,-1
45102000,,-1
45102030,,-1
45102100,,-1
45102200,,-1
45102272,,-1
45110000,,-1
45110066,,-1
45200000,,-1
45200072,,-1
45200100,,-1
45500000,,-1
45500040,,-1
45500042,,-1
45501000,,-1
45501040,,-1
45502000,,-1
45502040,,-1
45502042,,-1
45503000,,-1
45503040,,-1
45504000,,-1
45504040,,-1
45505000,,-1
45505050,,-1
45506000,,-1
45506050,,-1
45506200,,-1
45506400,,-1
45506450,,-1
45506600,,-1
45506650,,-1
45508000,,-1
45508100,,-1
45600000,,-1
45600040,,-1
45600042,,-1
45601000,,-1
45601050,,-1
45601850,,-1
45609000,,-1
45610000,,-1
45610068,,-1
45700000,,-1
45700030,,-1
45701000,,-1
45701072,,-1
45702000,,-1
45702030,,-1
45800000,,-1
45800030,,-1
45801000,,-1
45801072,,-1
45802000,,-1
45802132,,-1
46000000,,-1
46000010,,-1
46000012,,-1
46000014,,-1
46000020,,-1
46000032,,-1
46000033,,-1
46000040,,-1
46000050,,-1
46000065,,-1
46000100,,-1
46000150,,-1
46001000,,-1
46001010,,-1
46001020,,-1
46001030,,-1
46001032,,-1
46001099,,-1
46001120,,-1
46003000,,-1
46003041,,-1
46003140,,-1
46004000,,-1
46004032,,-1
46004100,,-1
46004152,,-1
46008000,,-1
46008024,,-1
46010000,,-1
46010020,,-1
46010021,,-1
46010100,,-1
46010120,,-1
46010200,,-1
46010220,,-1
46010920,,-1
46018000,,-1
46018021,,-1
46020000,,-1
46020050,,-1
46021000,,-1
46021052,,-1
46022000,,-1
46030000,,-1
46030910,,-1
46030930,,-1
46040000,,-1
46040020,,-1
46040120,,-1
46040220,,-1
46100000,,-1
46200000,,-1
46200062,,-1
46200952,,-1
46201000,,-1
46202000,,-1
46202030,,-1
46202060,,-1
46202062,,-1
46209000,,-1
46209100,,-1
46209152,,-1
46209200,,-1
46209300,,-1
46300000,,-1
46300010,,-1
46300020,,-1
46300030,,-1
46300032,,-1
46300033,,-1
46300042,,-1
46300052,,-1
46300066,,-1
46300072,,-1
46300100,,-1
46300152,,-1
46300200,,-1
46300240,,-1
46300310,,-1
46300342,,-1
46300410,,-1
46300652,,-1
46300700,,-1
46300766,,-1
46300912,,-1
46400000,,-1
46400007,,-1
46400014,,-1
46400032,,-1
46400033,,-1
46400034,,-1
46400070,,-1
46400100,,-1
46400156,,-1
46400162,,-1
46400942,,-1
46400950,,-1
46500000,,-1
46500060,,-1
46500100,,-1
46500160,,-1
46500200,,-1
46500262,,-1
46500265,,-1
46500300,,-1
46500352,,-1
46500900,,-1
46500960,,-1
46600000,,-1
46600010,,-1
46600030,,-1
46600034,,-1
46600070,,-1
46600100,,-1
46600120,,-1
46600133,,-1
46600150,,-1
46600170,,-1
46600910,,-1
46601000,,-1
46601010,,-1
46601030,,-1
46601034,,-1
46601040,,-1
46601042,,-1
46601100,,-1
46601120,,-1
46601140,,-1
46602000,,-1
46602050,,-1
46602100,,-1
46603000,,-1
46603100,,-1
46604000,,-1
46604100,,-1
46604142,,-1
46605000,,-1
46605040,,-1
46605100,,-1
46605140,,-1
46606000,,-1
46606010,,-1
46606020,,-1
46607000,,-1
46607012,,-1
46607033,,-1
46608000,,-1
46609000,,-1
46609050,,-1
46700000,,-1
46700065,,-1
46700100,,-1
46700200,,-1
46700300,,-1
46700400,,-1
46700964,,-1
46705000,,-1
46800000,,-1
46800032,,-1
46800940,,-1
46801000,,-1
46801930,,-1
46900000,,-1
46900007,,-1
46900008,,-1
46900014,,-1
46900020,,-1
46900032,,-1
46900034,,-1
47100000,,-1
47100038,,-1
47101000,,-1
47101038,,-1
47102000,,-1
47109000,,-1
47110000,,-1
47110038,,-1
47200000,,-1
47200070,,-1
47200100,,-1
47200134,,-1
47210000,,-1
47210070,,-1
47300000,,-1
47300040,,-1
47500000,,-1
47500014,,-1
47500030,,-1
47501000,,-1
47510000,,-1
47510014,,-1
47600000,,-1
47600050,,-1
47600900,,-1
47601000,,-1
47601050,,-1
47601900,,-1
47700000,,-1
47700033,,-1
47700034,,-1
47700070,,-1
47700100,,-1
47700165,,-1
47700200,,-1
47700250,,-1
47701000,,-1
47701034,,-1
47701100,,-1
47701165,,-1
47701200,,-1
47701242,,-1
47702000,,-1
47702034,,-1
47702066,,-1
47709900,,-1
47709910,,-1
48000000,,-1
48000068,,-1
48001000,,-1
48001935,,-1
48008000,,-1
48009000,,-1
48100000,,-1
48100012,,-1
48100020,,-1
48100034,,-1
48100040,,-1
48100066,,-1
48100100,,-1
48100150,,-1
48100920,,-1
48109990,,-1
48109991,,-1
48109992,,-1
48110000,,-1
48110040,,-1
48110042,,-1
48110052,,-1
48110054,,-1
48110056,,-1
48200000,,-1
48200100,,-1
48200130,,-1
48200134,,-1
48200138,,-1
48200820,,-1
48200920,,-1
48200930,,-1
48208000,,-1
48208030,,-1
48208034,,-1
48208038,,-1
48208100,,-1
48208138,,-1
49100000,,-1
49100026,,-1
49100032,,-1
49100038,,-1
49100100,,-1
49100940,,-1
49110000,,-1
49110052,,-1
49500000,,-1
49500010,,-1
49500020,,-1
49500032,,-1
49500050,,-1
49600000,,-1
49600032,,-1
49600050,,-1
49600100,,-1
49600168,,-1
49800000,,-1
49800010,,-1
49800012,,-1
49800020,,-1
49800032,,-1
49800033,,-1
49801000,,-1
49801020,,-1
49801040,,-1
49801050,,-1
49801052,,-1
60010000,,-1
60010010,,-1
60010012,,-1
60010014,,-1
60010020,,-1
60010022,,-1
60010030,,-1
60010032,,-1
60010033,,-1
60010040,,-1
60010042,,-1
60010050,,-1
60010052,,-1
60010064,,-1
60010065,,-1
60100000,,-1
60100009,,-1
60100010,,-1
60100012,,-1
60100020,,-1
60100022,,-1
60100030,,-1
60100032,,-1
60100033,,-1
60100040,,-1
60100042,,-1
60100050,,-1
60100052,,-1
60100064,,-1
60100065,,-1
60100900,,-1
60100965,,-1
60101000,,-1
60200000,,-1
60310000,,-1
60310010,,-1
60310012,,-1
60310020,,-1
60310022,,-1
60310030,,-1
60310032,,-1
60310033,,-1
60310042,,-1
60310052,,-1
60400000,,-1
60400010,,-1
60400012,,-1
60400020,,-1
60400022,,-1
60400030,,-1
60400032,,-1
60400033,,-1
60400050,,-1
60500000,,-1
60500010,,-1
60500012,,-1
60500020,,-1
60500022,,-1
60500030,,-1
60500032,,-1
60500050,,-1
60500052,,-1
60500064,,-1
60500900,,-1
60500965,,-1
60501000,,-1
60501010,,-1
60501012,,-1
60501030,,-1
60501032,,-1
60501042,,-1
60501050,,-1
60501052,,-1
60600000,,-1
60600010,,-1
60600012,,-1
60600020,,-1
60600030,,-1
60600032,,-1
60600033,,-1
60600040,,-1
60600042,,-1
60600050,,-1
60600052,,-1
60600064,,-1
60600065,,-1
60600900,,-1
60600965,,-1
60601000,,-1
60601010,,-1
60601012,,-1
60601030,,-1
60601032,,-1
60601040,,-1
60601042,,-1
60601050,,-1
60601052,,-1
60602000,,-1
60602010,,-1
60602012,,-1
60602030,,-1
60602032,,-1
60602042,,-1
60602050,,-1
60602052,,-1
60603000,,-1
60603030,,-1
60604000,,-1
60604030,,-1
60605000,,-1
60605030,,-1
60700000,,-1
60700010,,-1
60700012,,-1
60700020,,-1
60700022,,-1
60700032,,-1
60700040,,-1
60700042,,-1
60700050,,-1
60700052,,-1
60720000,,-1
60720010,,-1
60720020,,-1
60720040,,-1
60720042,,-1
60720050,,-1
60720052,,-1
60720100,,-1
60720120,,-1
60720134,,-1
60800000,,-1
60800010,,-1
60800012,,-1
60800020,,-1
60800030,,-1
60800032,,-1
60800033,,-1
60800040,,-1
60800052,,-1
60800064,,-1
60810000,,-1
60810010,,-1
60810012,,-1
60810020,,-1
60810030,,-1
60810033,,-1
60810040,,-1
60810042,,-1
60810052,,-1
60820000,,-1
60820040,,-1
60900000,,-1
60900010,,-1
60900012,,-1
60900020,,-1
60900022,,-1
60900030,,-1
60900032,,-1
60900033,,-1
60900040,,-1
60900042,,-1
60900050,,-1
60900052,,-1
60900064,,-1
60910000,,-1
60910020,,112000
60911000,,-1
60911022,,-1
61000000,,-1
61000010,,-1
61000012,,-1
61000020,,-1
61000022,,-1
61000030,,-1
61000032,,-1
61000033,,-1
61000040,,-1
61000042,,-1
61000050,,-1
61000052,,-1
61000064,,-1
61000065,,-1
61000100,,-1
61000150,,-1
61000900,,-1
61000965,,-1
70000000,,-1
70000065,,-1
70000100,,-1
70001000,,-1
70001065,,-1
70002000,,-1
70002065,,-1
70003000,,-1
70003100,,-1
70003165,,-1
71000000,,-1
71000012,,-1
71000030,,-1
71000050,,-1
71000100,,-1
71000150,,-1
71000950,,-1
80000000,,-1
81000000,,-1
81000010,,-1
81000012,,-1
81000014,,-1
81000030,,-1
81000041,,-1
81000051,,-1
81000056,,-1
81010000,,-1
81010010,,-1
81010012,,-1
81010030,,-1
81010041,,-1
81010050,,-1
81100000,,-1
81100014,,-1
81100020,,-1
81100041,,-1
81100050,,-1
81200000,,-1
81200007,,-1
81200032,,-1
81200132,,-1
89010000,,-1
89990000,,-1
90000000,,-1
90000100,,-1
90000200,,-1
90010000,,-1
90010010,,-1
90010020,,-1
90010030,,-1
90010031,,-1
90010040,,-1
90010041,,-1
90020000,,-1
90080000,,-1
90081000,,-1
90082000,,-1
90083000,,-1
90084000,,-1
90090000,,-1
90510000,,-1
92200100,,-1
95000100,,-1
95001000,,-1
95010000,,-1
95020000,,-1
95021000,,-1
95022000,,-1
95023000,,-1
95024000,,-1
95025000,,-1
95026000,,-1
95027000,,-1
95028000,,-1
95029000,,-1
95030000,,-1
95031000,,-1
95032000,,-1
95033000,,-1
95034000,,-1
95090000,,-1
95091000,,-1
100000000,,-1
100000010,Mimic Tear,-1
100000020,Nepheli Loux Puppet,-1
100000030,Dung Eater Puppet,-1
100000040,Finger Maiden Therolina Puppet,-1
100000050,Dolores the Sleeping Arrow,-1
100000060,Jarwight Puppet,-1
121000000,Black Knife Tiche,-1
130101000,Banished Knight Oleg,-1
130102000,Banished Knight Engvall,-1
130801100,Fanged Imps,-1
131700000,Latenna the Albinauric,-1
132010000,Nomad,-1
133001000,Nightmaiden,-1
133002000,Swordstress,-1
133201000,Mimic Tear - Blob,-1
133500000,Crystalian,-1
133600500,Ancestral Follower,-1
134502000,Winged Misbegotten,-1
134701300,Albinauric Ashes,-1
135000000,Skeletal Militiaman,-1
135004000,Skeletal Bandit,-1
136100000,Oracle Envoy,-1
136610000,Putrid Corpse,-1
137000000,Depraved Perfumer,-1
137011000,Perfumer Tricia,-1
137021000,Glintstone Sorcerer,-1
137023000,Twinsage Sorcerer,-1
137030000,Page,-1
137040000,Battlemage Hugues,-1
137502000,Clayman,-1
138001000,Cleanrot Knight Finlay,-1
138100000,Kindred of Rot,-1
138500000,Marionette Soldier,-1
138601100,Avionette Soldier,-1
139000000,Fire Monk,-1
139011000,Blackflame Monk,-1
139501000,Man-Serpent,-1
139701100,Azula Beastman,-1
140500000,Kaiden Sellsword,-1
140700000,Lone Wolf,-1
140800000,Giant Rat,-1
141000000,Demi-Human 1,-1
141001000,Demi-Human 2,-1
141002000,Demi-Human 3,-1
141010000,Demi-Human 4,-1
141100000,Demi-Human 5,-1
141660000,Rotten Stray,-1
141800000,Spirit Jellyfish,-1
142100100,Warhawk,-1
142102000,Stormhawk,-1
142900000,Bloodhound Knight Floh,-1
143000000,Wandering Noble 1,-1
143000200,Wandering Noble 2,-1
143001000,Wandering Noble 3,-1
143002000,Noble Sorcerer,-1
143005000,Wandering Noble 4,-1
143005100,Wandering Noble 5,-1
143111300,Godrick Soldier 1,-1
143112000,Godrick Soldier 2,-1
143122000,Raya Lucaria Soldier 1,-1
143133000,Leyndell Soldier,-1
143140100,Radahn Soldier 1,-1
143142000,Radahn Soldier 2,-1
143150000,Mausoleum Soldier 1,-1
143151000,Mausoleum Soldier 2,-1
143152000,Mausoleum Soldier 3,-1
143210000,Vulgar Militia,-1
143410000,Mad Pumpkin Head,-1
143531000,Ancient Dragon Knight Kristoff,-1
143542000,Redmane Knight Ogha,-1
143551000,Lhutel the Headless,-1
143720500,Raya Lucaria Soldier 2,-1
143722500,Raya Lucaria Soldier 3,-1
143760500,Haligtree Soldier,-1
143762500,Haligtree Soldier,-1
144400000,Land Squirt,-1
144810000,Miranda Sprout,-1
144910200,Soldjars of Fortune,-1
148200000,Omenkiller,-1
170001000,Greatshield Soldier,-1
170002000,Archer,-1
199999999,,-1
500000000,,-1
500000006,,-1
500000010,,-1
500000020,,-1
500000032,,-1
500000040,,-1
500000042,,-1
500000066,,-1
500001000,,-1
500010000,,-1
500020079,,-1
500030000,,-1
501060020,,-1
501060024,,-1
501060062,,-1
501060078,,-1
501060162,,-1
501060262,,-1
501060362,,-1
501060462,,-1
501120034,,-1
502010024,,-1
502160010,,-1
502160110,,-1
502160210,,-1
502160310,,-1
502180010,,-1
502180062,,-1
502180064,,-1
502180065,,-1
502180164,,-1
502180165,,-1
502180264,,-1
502180265,,-1
502190020,,-1
502280050,,-1
502280052,,-1
503180010,,-1
503260038,,-1
503300020,,-1
506010010,,-1
506010040,,-1
506030012,,-1
506030020,,-1
506030050,,-1
506030052,,-1
506030066,,-1
506060020,,-1
506070078,,-1
506080079,,-1
520000000,,-1
520000001,,-1
520000002,,-1
520000003,,-1
520000004,,-1
520000005,,-1
520000006,,-1
520000007,,-1
520000008,,-1
520000009,,-1
520000010,,-1
520000011,,-1
520000012,,-1
520000013,,-1
520000014,,-1
520000015,,-1
520000016,,-1
520000017,,-1
520000018,,-1
520000019,,-1
520000020,,-1
520000021,,-1
523000000,,-1
523000038,,-1
523000138,,-1
523010000,,-1
523010010,,110301
523010020,,110301
523010068,,-1
523010110,,-1
523010168,,110300
523020000,,-1
523030000,,-1
523040000,,-1
523040020,,-1
523040050,,-1
523050000,,-1
523060000,,-1
523070000,,-1
523070020,,-1
523070120,,-1
523070220,,-1
523070320,,-1
523080000,,-1
523090000,,-1
523090010,,111800
523090020,,111800
523090030,,111800
523090032,,111800
523090038,,111800
523090110,,111800
523090132,,111800
523090210,,111800
523090310,,111800
523090410,,111800
523100000,,-1
523100010,,110810
523100012,,110800
523100020,,110810
523100035,,110810
523100112,,110810
523100120,,110810
523100220,,110810
523110000,,-1
523110012,,110600
523110020,,-1
523110112,,110610
523110120,,-1
523120000,,114000
523120012,,114000
523120024,,-1
523120040,,114000
523120124,,114000
523120140,,114000
523120240,,114000
523120340,,-1
523130000,,-1
523130020,,-1
523130030,,-1
523130038,,-1
523130130,,-1
523130138,,110910
523140000,,-1
523140020,,114500
523140038,,114500
523140079,,114500
523140120,,114500
523140179,,114500
523140220,,-1
523150000,,-1
523150020,,-1
523160000,,-1
523160010,,-1
523160012,,-1
523160020,,111000
523160024,,-1
523160124,,-1
523170000,,-1
523180000,,-1
523180010,,111600
523180020,,111600
523180030,,111600
523180050,,111610
523180079,,-1
523180110,,111600
523180130,,111600
523180210,,111600
523180230,,111600
523180330,,111600
523190000,,-1
523190010,,113400
523190065,,113410
523190066,,113420
523190079,,-1
523190110,,113400
523190179,,113400
523200000,,-1
523200010,,-1
523200079,,-1
523200179,,-1
523200279,,-1
523210000,,-1
523210010,,112200
523210014,,112200
523210110,,112200
523220000,,-1
523220066,,-1
523220079,,-1
523220166,,-1
523220179,,-1
523220266,,-1
523220366,,-1
523230000,,-1
523230020,,113820
523230033,,113800
523230035,,113820
523230079,,113820
523230135,,113820
523230179,,113820
523230279,,-1
523240000,,-1
523240070,,-1
523240079,,-1
523240179,,-1
523250000,,-1
523250014,,-1
523250050,,-1
523250066,,-1
523250079,,-1
523250114,,-1
523250166,,-1
523250214,,-1
523260000,,-1
523260010,,112900
523260038,,-1
523260070,,-1
523270000,,-1
523270030,,-1
523270130,,-1
523290000,,-1
523290040,,-1
523290066,,-1
523310000,,-1
523310020,,113000
523310033,,-1
523310133,,113000
523320000,,-1
523320038,,-1
523330000,,113600
523330020,,113600
523330024,,-1
523340000,,-1
523340014,,114210
523340020,,114210
523340079,,114210
523340114,,-1
523340120,,-1
523340179,,114210
523340214,,114210
523350000,,-1
523350010,,-1
523350052,,-1
523350068,,-1
523350079,,-1
523360000,,-1
523360012,,-1
523370000,,-1
523370034,,-1
523370134,,-1
523380000,,-1
523380016,,-1
523390000,,-1
523390079,,-1
523400000,,-1
523400020,,-1
523410000,,-1
523420000,,-1
523420024,,-1
523430000,,-1
523440000,,-1
523440026,,-1
523440040,,-1
523450000,,-1
523450010,,-1
523460000,,-1
523460030,,-1
523470000,,-1
523470050,,-1
523480000,,-1
523480030,,-1
523480040,,-1
523480050,,113200
523480056,,113200
523480130,,113200
523480140,,113200
523480156,,-1
523480230,,113200
523480240,,-1
523480256,,113200
523480340,,-1
523480440,,-1
523490000,,-1
523490040,,-1
523490140,,-1
523490240,,-1
523490340,,-1
523500000,,-1
523500032,,-1
523510000,,-1
523510030,,113700
523510034,,113700
523510050,,113700
523510070,,113700
523510079,,113700
523510130,,113700
523510170,,113700
523520000,,-1
523520028,,-1
523521000,,-1
523521028,,-1
523530000,,-1
523530032,,-1
523530040,,-1
523530052,,-1
523540000,,-1
523550000,,-1
523550040,,-1
523550050,,-1
523560000,,-1
523560020,,-1
523570000,,-1
523580000,,-1
523590000,,-1
523590024,,-1
523600000,,-1
523600034,,-1
523610000,,-1
523610066,,-1
523620000,,-1
523630000,,-1
523630020,,-1
523630040,,-1
523640000,,-1
523640020,,-1
523650000,,-1
523650020,,-1
523670000,,-1
523670050,,-1
523680000,,-1
523680062,,-1
523680065,,-1
523690000,,-1
523700000,,-1
523710000,,-1
523720000,,-1
523720030,,-1
523730000,,-1
523730040,,-1
523740000,,-1
523740040,,-1
523750000,,-1
523750040,,-1
523760000,,-1
523760930,,-1
523770000,,-1
523770068,,-1
523790000,,-1
523800000,,-1
523800034,,-1
523810000,,-1
523820000,,-1
523820050,,-1
523830000,,-1
523830050,,-1
523840000,,-1
523840038,,-1
523850000,,-1
523860000,,-1
523870000,,-1
523870056,,-1
523880000,,-1
523880056,,-1
523890000,,-1
523890056,,-1
523900000,,-1
523900056,,-1
523910000,,-1
523920000,,-1
523930000,,-1
526000000,,-1
526050000,,-1
526060000,,-1
526100000,,-1
526100052,,-1
526100965,,-1
527900000,,-1
527900010,,-1
528500000,,-1
529000000,,-1
533030100,,-1
533040100,,-1
533090000,,-1
533090040,,-1
533110000,,-1
533110012,,-1
533120000,,-1
533120024,,-1
533121000,,-1
533121040,,-1
533160000,,-1
533160024,,-1
533180000,,-1
533180030,,-1
533181000,,-1
533181010,,-1
533181020,,-1
533181110,,-1
533190000,,-1
533190020,,-1
533190120,,-1
533250000,,-1
533250014,,-1
533260000,,-1
533260034,,-1
533290000,,-1
533290040,,-1
533310000,,-1
533310026,,-1
533340000,,-1
533340014,,-1
533340020,,-1
533350000,,-1
533350068,,-1
533440000,,-1
533440026,,-1
533440040,,-1
533450000,,-1
533450010,,-1
533480000,,-1
533480056,,-1
533481000,,-1
533481026,,-1
533481030,,-1
533481033,,-1
533481050,,-1
533550000,,-1
533550040,,-1
533630000,,-1
533630040,,-1
533870000,,-1
533870056,,-1
533880000,,-1
533880056,,-1
533890000,,-1
533890056,,-1
533900000,,-1
533900056,,-1
534000000,,-1
534100000,,-1
534200000,,-1
534300000,,-1
534400000,,-1
534500000,,-1
534600000,,-1
534700000,,-1
534800000,,-1
534900000,,-1
543030200,,110600
543110000,,-1
543110020,,-1
543260000,,-1
543260072,,-1
543270000,,-1
543270030,,-1
543270130,,-1
543390000,,-1
543390079,,-1
543430000,,-1
543430010,,-1
543430052,,-1
543480000,,-1
543480040,,-1
543690000,,-1
543690010,,-1
543850000,,-1
543850079,,-1
544000000,,-1
544100000,,-1
544200000,,-1
544300000,,-1
544400000,,-1
544500000,,-1
544600000,,-1
544700000,,-1
544800000,,-1
544900000,,-1
599999999,,-1
